0 -0.202439 0.493126 0.15058
0 -0.149139 0.44926 0.155797
0 0.199089 0.456185 0.158918
0 -0.249206 0.509957 0.16128
0 0.247705 0.456087 0.159835
0 0.304701 0.442561 0.154806
0 0.199115 0.404022 0.156792
0 0.199089 0.456185 0.158918
0 -0.201286 0.397582 0.156261
0 -0.293777 0.526441 0.170843
0 0.304918 0.487332 0.146896
0 0.149558 0.404022 0.156792
0 -0.151648 0.395418 0.157104
0 -0.249206 0.509957 0.16128
0 -0.292418 0.570041 0.167052
0 0.199089 0.456185 0.158918
0 0.304918 0.487332 0.146896
0 -0.0984733 0.549271 0.155548
0 0.199089 0.456185 0.158918
0 -0.20311 0.53368 0.145843
0 -0.151648 0.395418 0.157104
0 0.199089 0.456185 0.158918
0 0.101613 0.498827 0.154204
0 0.251613 0.498827 0.154204
0 -0.293777 0.526441 0.170843
0 -0.101685 0.436107 0.149015
0 -0.198148 0.354209 0.158725
0 -0.249558 0.455565 0.159528
0 -0.0984127 0.509957 0.16128
0 0.247705 0.456087 0.159835
1 -0.202439 0.493126 0.15058
1 -0.148726 0.454727 0.160984
1 0.199089 0.456185 0.158918
1 -0.251532 0.498246 0.155744
1 0.256873 0.437178 0.146645
1 0.304701 0.442561 0.154806
1 0.199115 0.404022 0.156792
1 0.199089 0.456185 0.158918
1 -0.199112 0.418375 0.163788
1 -0.299624 0.500516 0.153369
1 0.304918 0.487332 0.146896
1 0.149864 0.39631 0.155559
1 -0.151648 0.395418 0.157104
1 -0.251532 0.498246 0.155744
1 -0.292418 0.570041 0.167052
1 0.199089 0.456185 0.158918
1 0.301613 0.498827 0.154204
1 -0.0984733 0.549271 0.155548
1 0.199982 0.449259 0.155796
1 -0.203063 0.535004 0.143917
1 -0.151648 0.395418 0.157104
1 0.199089 0.456185 0.158918
1 0.101613 0.498827 0.154204
1 0.251613 0.498827 0.154204
1 -0.301626 0.492313 0.151988
1 -0.101685 0.436107 0.149015
1 -0.198148 0.354209 0.158725
1 -0.249558 0.455565 0.159528
1 -0.0984127 0.509957 0.16128
1 0.253846 0.444056 0.149738
5 -0.202439 0.493126 0.15058
5 -0.147046 0.456408 0.158073
5 0.198333 0.461288 0.163882
5 -0.251593 0.499286 0.153542
5 0.256873 0.437178 0.146645
5 0.299974 0.443695 0.150518
5 0.199115 0.404022 0.156792
5 0.199089 0.456185 0.158918
5 -0.199096 0.404543 0.156069
5 -0.303252 0.493126 0.15058
5 0.304918 0.487332 0.146896
5 0.149558 0.404022 0.156792
5 -0.149558 0.404022 0.156792
5 -0.249206 0.509957 0.16128
5 -0.30155 0.539182 0.148658
5 0.198316 0.461769 0.163198
5 0.304893 0.48698 0.147643
5 -0.0984776 0.554627 0.158292
5 0.19665 0.461769 0.163198
5 -0.198471 0.555384 0.156979
5 -0.150862 0.410643 0.161482
5 0.199089 0.456185 0.158918
5 0.1 0.505236 0.156385
5 0.251532 0.498246 0.155744
5 -0.308333 0.475454 0.139344
5 -0.101685 0.436107 0.149015
5 -0.198148 0.354209 0.158725
5 -0.249558 0.455565 0.159528
5 -0.0984 0.504436 0.157771
5 0.250825 0.449258 0.155795
20 -0.201597 0.499287 0.153542
20 -0.149153 0.448767 0.15649
20 0.198333 0.461288 0.163882
20 -0.246457 0.51539 0.164735
20 0.247899 0.456761 0.157306
20 0.299974 0.449256 0.155795
20 0.201766 0.397442 0.152106
20 0.202546 0.443698 0.15052
20 -0.203491 0.397236 0.153013
20 -0.296825 0.509957 0.16128
20 0.296853 0.52118 0.167491
20 0.149321 0.404408 0.159027
20 -0.15177 0.397443 0.152107
20 -0.246457 0.51539 0.164735
20 -0.298487 0.565002 0.163589
20 0.195868 0.468219 0.166055
20 0.303131 0.498241 0.155741
20 -0.101519 0.549701 0.15492
20 0.201677 0.449259 0.155796
20 -0.198471 0.555384 0.156979
20 -0.149498 0.403455 0.1585
20 0.196598 0.463213 0.161149
20 0.101613 0.498827 0.154204
20 0.252846 0.493126 0.15058
20 -0.298308 0.505452 0.156522
20 -0.0983051 0.449615 0.155022
20 -0.199062 0.362515 0.162025
20 -0.249153 0.449615 0.155022
20 -0.0999918 0.504094 0.1585
20 0.246646 0.460935 0.164641
50 -0.199184 0.504892 0.157113
50 -0.149559 0.444553 0.14904
50 0.199089 0.456185 0.158918
50 -0.246013 0.509614 0.162002
50 0.249385 0.456086 0.159835
50 0.298294 0.456404 0.158071
50 0.205455 0.382314 0.144704
50 0.20249 0.444333 0.149903
50 -0.197941 0.413977 0.158323
50 -0.295253 0.515835 0.164086
50 0.299792 0.502924 0.16154
50 0.148681 0.417506 0.165295
50 -0.15177 0.39655 0.153653
50 -0.24878 0.504891 0.157113
50 -0.0242881 1.43043 0.77558
50 0.201695 0.449615 0.155022
50 0.301519 0.499048 0.154344
50 -0.0984776 0.554627 0.158292
50 0.204199 0.443479 0.151383
50 -0.199986 0.553111 0.160915
50 -0.151312 0.403659 0.157602
50 0.198333 0.462121 0.162438
50 0.0983919 0.504894 0.157114
50 0.251292 0.501339 0.151985
50 -0.301236 0.500515 0.153369
50 -0.0982392 0.456111 0.15985
50 -0.200848 0.348542 0.151558
50 -0.250648 0.450637 0.154643
50 -0.0984127 0.509957 0.16128
50 0.264813 0.422701 0.1411
100 -0.202422 0.493591 0.149913
100 -0.154644 0.442629 0.152865
100 0.20339 0.449615 0.155022
100 -0.251532 0.498246 0.155744
100 0.247899 0.45592 0.158761
100 0.3 0.449615 0.155022
100 0.199037 0.402566 0.16003
100 0.198333 0.462121 0.162438
100 -0.198246 0.410127 0.162199
100 -0.0235912 1.41292 0.770696
100 0.0130903 1.3751 0.769053
100 0.154054 0.38968 0.148806
100 -0.165965 0.349949 0.130999
100 -0.250223 0.503733 0.160162
100 -0.0218317 1.42477 0.779524
100 0.199001 0.455257 0.161296
100 0.300765 0.50242 0.152676
100 -0.0984891 0.559479 0.161612
100 0.198316 0.461769 0.163198
100 -0.197689 0.559239 0.162356
100 -0.149065 0.411314 0.160852
100 0.199142 0.455566 0.159528
100 0.0999918 0.504894 0.157114
100 0.2476 0.510407 0.160627
100 -0.0276498 1.42691 0.770493
100 0.0150364 0.893544 0.443078
100 -0.00269913 2.01959 1.03267
100 -0.257509 0.426208 0.137067
100 -0.1 0.498827 0.154204
100 0.250825 0.450105 0.154328
200 -0.0559149 1.41454 0.776368
200 -0.0132611 2.39319 1.26282
200 0.0492526 1.44133 0.69118
200 -0.0162365 1.22839 0.606981
200 0.0437182 1.43464 0.696188
200 -0.0432438 1.34238 0.714855
200 3.76594 5.52448 5.9833
200 -0.00148844 1.31526 0.740831
200 -0.0534603 1.41461 0.668206
200 1.39169 -0.403463 -1.49243
200 -0.0784237 1.41296 0.805327
200 0.0593582 1.43004 0.669357
200 -0.000162592 1.30714 0.749159
200 -0.0375102 1.41145 0.682413
200 0.0242841 1.15751 0.571507
200 -0.00191042 1.30845 0.657718
200 -0.10042 0.897447 0.509078
200 -0.0673601 1.40631 0.679639
200 -0.00253541 1.32118 0.679942
200 -0.0560479 1.44777 0.736342
200 -0.0516126 1.35201 0.718328
200 0.054788 1.44268 0.699204
200 0.0642063 1.43102 0.66169
200 0.100583 0.959973 0.499077
200 -0.0280674 1.42887 0.70586
200 -0.00537775 1.31088 0.684506
200 -0.0517889 1.38533 0.742217
200 -0.0924637 1.43086 0.781771
200 -0.0647463 1.40385 0.668252
200 -0.000259148 1.07213 0.554913
255 -0.0665901 1.42571 0.748778
255 -0.0687972 1.41175 0.779828
255 0.0630257 1.43532 0.689142
255 0.00648835 1.18944 0.594406
255 0.0675814 1.46406 0.7272
255 -0.0512828 1.05348 0.464688
255 0.0525138 1.37126 0.747849
255 0.0390883 1.37636 0.751434
255 -2.60755 5.73107 1.47793
255 -0.037586 1.35971 0.741342
255 -0.0400845 1.14392 0.536865
255 0.120055 0.151046 0.0630312
255 -0.0746172 1.45882 0.708185
255 -0.0466592 1.41772 0.756509
255 0.270342 0.682993 0.429851
255 0.0560935 1.39317 0.736546
255 -0.0219519 1.16036 0.586485
255 -0.0750862 1.4466 0.698306
255 0.0631278 1.42729 0.72388
255 -0.0537643 1.43111 0.684836
255 -0.0630802 1.38721 0.739123
255 0.0529949 1.39004 0.761969
255 0.0626667 1.40267 0.665953
255 0.152513 1.37728 0.79841
255 -0.00409665 1.20768 0.602093
255 -0.263749 -0.617394 -0.458833
255 -0.0599144 1.43856 0.659177
255 -0.0468039 1.44386 0.712827
255 -0.0832835 0.151282 -0.0329548
255 0.0450959 1.43288 0.685017
