2.93306 -1.55009 -1.16257 -4.70185 -1.35042 -2.81699
2.93834 -1.55658 -1.15586 -4.70835 -1.34793 -2.80126
2.94346 -1.11712 -1.68858 -1.47976 1.34562 0.355939
2.94843 -1.12315 -1.68237 -1.4862 1.34348 0.371437
2.95325 -1.12924 -1.67611 -1.49263 1.3415 0.386824
2.95793 -1.13538 -1.66978 -1.49904 1.33968 0.4021
2.96247 -1.14157 -1.6634 -1.50544 1.33803 0.417267
2.96688 -1.14782 -1.65696 -1.51182 1.33653 0.432326
2.97115 -1.15411 -1.65046 -1.5182 1.33518 0.447278
2.97529 -1.16044 -1.64391 -1.52455 1.33398 0.462124
2.97931 -1.16683 -1.6373 -1.53089 1.33292 0.476867
2.9832 -1.17325 -1.63064 -1.53722 1.33201 0.491505
2.98698 -1.17972 -1.62392 -1.54353 1.33123 0.506042
2.99064 -1.18623 -1.61715 -1.54982 1.33059 0.520479
2.99419 -1.19277 -1.61032 -1.55609 1.33009 0.534815
2.99763 -1.19936 -1.60344 -1.56236 1.32971 0.549053
3.00096 -1.20597 -1.59651 -1.5686 1.32946 0.563195
3.00419 -1.21263 -1.58953 -1.57483 1.32933 0.57724
3.00732 -1.21931 -1.58249 -1.58104 1.32932 0.59119
3.01035 -1.22603 -1.5754 -1.58723 1.32943 0.605047
3.01328 -1.23278 -1.56827 -1.59341 1.32966 0.618812
3.01612 -1.23955 -1.56108 -1.59957 1.33 0.632486
3.01887 -1.24636 -1.55384 -1.60571 1.33045 0.64607
3.02154 -1.25319 -1.54655 -1.61184 1.33101 0.659565
3.02411 -1.26005 -1.53921 -1.61795 1.33167 0.672972
3.02661 -1.26693 -1.53182 -1.62404 1.33243 0.686293
3.02902 -1.27384 -1.52438 -1.63012 1.3333 0.699529
3.03136 -1.28077 -1.51689 -1.63618 1.33426 0.712681
3.03362 -1.28772 -1.50936 -1.64222 1.33532 0.72575
3.0358 -1.29469 -1.50177 -1.64825 1.33648 0.738737
3.03791 -1.30169 -1.49414 -1.65426 1.33772 0.751644
3.03996 -1.3087 -1.48646 -1.66026 1.33906 0.764471
3.04193 -1.31573 -1.47874 -1.66624 1.34048 0.77722
3.04384 -1.32278 -1.47096 -1.6722 1.34199 0.789891
3.04568 -1.32985 -1.46314 -1.67816 1.34359 0.802487
3.04746 -1.33693 -1.45527 -1.68409 1.34526 0.815007
3.04918 -1.34403 -1.44736 -1.69001 1.34702 0.827453
3.05084 -1.35115 -1.4394 -1.69592 1.34886 0.839827
3.05244 -1.35828 -1.43139 -1.70181 1.35077 0.852128
3.05398 -1.36543 -1.42334 -1.70768 1.35276 0.864359
3.05547 -1.37259 -1.41524 -1.71355 1.35482 0.87652
3.05691 -1.37976 -1.4071 -1.71939 1.35696 0.888613
3.0583 -1.38694 -1.39891 -1.72523 1.35917 0.900637
3.05963 -1.39414 -1.39067 -1.73105 1.36144 0.912596
3.06092 -1.40135 -1.38239 -1.73686 1.36379 0.924488
3.06215 -1.40858 -1.37406 -1.74265 1.3662 0.936316
3.06335 -1.41581 -1.36569 -1.74844 1.36868 0.94808
3.06449 -1.42306 -1.35727 -1.75421 1.37122 0.959782
3.0656 -1.43031 -1.34881 -1.75996 1.37382 0.971422
3.06666 -1.43758 -1.3403 -1.76571 1.37648 0.983001
3.06768 -1.44486 -1.33174 -1.77144 1.37921 0.994521
3.06865 -1.45214 -1.32315 -1.77717 1.38199 1.00598
3.06959 -1.45944 -1.3145 -1.78288 1.38483 1.01738
3.07049 -1.46675 -1.30581 -1.78858 1.38773 1.02873
3.07136 -1.47406 -1.29708 -1.79427 1.39068 1.04002
3.07219 -1.48139 -1.28829 -1.79995 1.39369 1.05126
3.07298 -1.48872 -1.27947 -1.80561 1.39675 1.06244
3.07374 -1.49607 -1.27059 -1.81127 1.39986 1.07357
3.07446 -1.50342 -1.26167 -1.81692 1.40302 1.08464
3.07516 -1.51078 -1.25271 -1.82256 1.40624 1.09567
3.07582 -1.51815 -1.2437 -1.82819 1.4095 1.10664
3.07645 -1.52553 -1.23464 -1.83381 1.41281 1.11756
3.07705 -1.53292 -1.22553 -1.83943 1.41616 1.12844
3.07762 -1.54032 -1.21638 -1.84503 1.41957 1.13927
3.07817 -1.54773 -1.20718 -1.85063 1.42302 1.15005
3.07869 -1.55514 -1.19793 -1.85622 1.42651 1.16078
3.07918 -1.56257 -1.18864 -1.86181 1.43004 1.17147
3.07964 -1.57001 -1.17929 -1.86738 1.43362 1.18212
3.08008 -1.57745 -1.1699 -1.87295 1.43724 1.19272
3.0805 -1.5849 -1.16045 -1.87852 1.4409 1.20328
3.08089 -1.59237 -1.15096 -1.88408 1.44461 1.2138
3.08126 -1.59984 -1.14142 -1.88963 1.44835 1.22427
3.08161 -1.60733 -1.13182 -1.89518 1.45213 1.23471
3.08194 -1.61482 -1.12217 -1.90072 1.45594 1.24511
3.08224 -1.62233 -1.11248 -1.90626 1.4598 1.25547
3.08253 -1.62984 -1.10272 -1.9118 1.46369 1.26579
3.08279 -1.63737 -1.09292 -1.91733 1.46761 1.27607
3.08304 -1.64491 -1.08306 -1.92286 1.47157 1.28632
3.08326 -1.65246 -1.07314 -1.92839 1.47557 1.29653
3.08347 -1.66003 -1.06317 -1.93392 1.47959 1.3067
3.08366 -1.66761 -1.05314 -1.93945 1.48365 1.31685
3.08384 -1.6752 -1.04306 -1.94497 1.48775 1.32696
3.084 -1.6828 -1.03291 -1.9505 1.49187 1.33704
3.08414 -1.69042 -1.02271 -1.95602 1.49603 1.34708
3.08427 -1.69806 -1.01244 -1.96155 1.50021 1.3571
3.08438 -1.70571 -1.00211 -1.96708 1.50443 1.36708
3.08448 -1.71338 -0.991722 -1.97262 1.50867 1.37704
3.08456 -1.72106 -0.981265 -1.97815 1.51294 1.38697
3.08463 -1.72877 -0.970741 -1.98369 1.51724 1.39687
3.08469 -1.73649 -0.960149 -1.98924 1.52157 1.40674
3.08473 -1.74423 -0.949487 -1.99479 1.52592 1.41659
3.08476 -1.75199 -0.938754 -2.00035 1.5303 1.42641
3.08478 -1.75977 -0.927947 -2.00591 1.53471 1.43621
3.08479 -1.76758 -0.917066 -2.01149 1.53914 1.44598
3.08479 -1.77541 -0.906106 -2.01707 1.54359 1.45573
3.08478 -1.78326 -0.895068 -2.02267 1.54807 1.46546
3.08476 -1.79114 -0.883947 -2.02828 1.55257 1.47516
3.08473 -1.79904 -0.872741 -2.0339 1.55709 1.48485
3.08468 -1.80698 -0.861449 -2.03954 1.56164 1.49451
3.08463 -1.81494 -0.850066 -2.04519 1.56621 1.50415
3.08458 -1.82294 -0.83859 -2.05086 1.5708 1.51378
3.08458 -1.82294 -0.838589 -2.05086 1.5708 1.51378
3.07985 -1.81844 -0.848752 -2.0452 1.5708 1.50905
3.0751 -1.81403 -0.85875 -2.03961 1.5708 1.5043
3.07034 -1.80972 -0.868588 -2.03408 1.5708 1.49954
3.06555 -1.8055 -0.878272 -2.02862 1.5708 1.49476
3.06075 -1.80137 -0.887807 -2.02321 1.5708 1.48995
3.05593 -1.79733 -0.897195 -2.01787 1.5708 1.48513
3.05109 -1.79337 -0.906443 -2.01258 1.5708 1.48029
3.04623 -1.7895 -0.915553 -2.00734 1.5708 1.47544
3.04136 -1.78571 -0.924529 -2.00215 1.5708 1.47056
3.03647 -1.782 -0.933375 -1.99702 1.5708 1.46567
3.03156 -1.77837 -0.942094 -1.99193 1.5708 1.46076
3.02663 -1.77482 -0.950688 -1.98688 1.5708 1.45583
3.02169 -1.77134 -0.959162 -1.98188 1.5708 1.45089
3.01673 -1.76794 -0.967518 -1.97693 1.5708 1.44593
3.01175 -1.76462 -0.975759 -1.97201 1.5708 1.44095
3.00675 -1.76137 -0.983886 -1.96713 1.5708 1.43596
3.00174 -1.75819 -0.991903 -1.96229 1.5708 1.43095
2.99672 -1.75509 -0.999811 -1.95749 1.5708 1.42592
2.99167 -1.75205 -1.00761 -1.95272 1.5708 1.42088
2.98661 -1.74909 -1.01531 -1.94799 1.5708 1.41582
2.98154 -1.74619 -1.02291 -1.94329 1.5708 1.41074
2.97645 -1.74336 -1.0304 -1.93862 1.5708 1.40565
2.97135 -1.7406 -1.0378 -1.93398 1.5708 1.40055
2.96623 -1.73791 -1.0451 -1.92937 1.5708 1.39543
2.96109 -1.73528 -1.05231 -1.9248 1.5708 1.3903
2.95594 -1.73272 -1.05942 -1.92024 1.5708 1.38515
2.95078 -1.73023 -1.06644 -1.91572 1.5708 1.37998
2.9456 -1.7278 -1.07337 -1.91122 1.5708 1.37481
2.94041 -1.72543 -1.08021 -1.90675 1.5708 1.36962
2.93521 -1.72313 -1.08697 -1.9023 1.5708 1.36441
2.92999 -1.72088 -1.09363 -1.89787 1.5708 1.35919
2.92476 -1.71871 -1.10021 -1.89347 1.5708 1.35396
2.91952 -1.71659 -1.10671 -1.88909 1.5708 1.34872
2.91426 -1.71453 -1.11313 -1.88473 1.5708 1.34346
2.90899 -1.71254 -1.11946 -1.88039 1.5708 1.3382
2.90371 -1.71061 -1.12571 -1.87607 1.5708 1.33292
2.89842 -1.70874 -1.13188 -1.87177 1.5708 1.32762
2.89312 -1.70692 -1.13797 -1.86749 1.5708 1.32232
2.8878 -1.70517 -1.14399 -1.86323 1.5708 1.31701
2.88248 -1.70348 -1.14993 -1.85899 1.5708 1.31168
2.87714 -1.70184 -1.15579 -1.85476 1.5708 1.30635
2.8718 -1.70027 -1.16157 -1.85055 1.5708 1.301
2.86644 -1.69875 -1.16728 -1.84636 1.5708 1.29564
2.86108 -1.69729 -1.17292 -1.84218 1.5708 1.29028
2.8557 -1.69589 -1.17848 -1.83802 1.5708 1.2849
2.85032 -1.69455 -1.18397 -1.83387 1.5708 1.27952
2.84493 -1.69327 -1.18939 -1.82973 1.5708 1.27413
2.83952 -1.69204 -1.19474 -1.82562 1.5708 1.26873
2.83412 -1.69087 -1.20001 -1.82151 1.5708 1.26332
2.8287 -1.68975 -1.20522 -1.81742 1.5708 1.2579
2.82327 -1.68869 -1.21036 -1.81334 1.5708 1.25248
2.81784 -1.68769 -1.21542 -1.80927 1.5708 1.24705
2.8124 -1.68675 -1.22042 -1.80522 1.5708 1.24161
2.80696 -1.68586 -1.22535 -1.80118 1.5708 1.23616
2.80151 -1.68503 -1.23022 -1.79715 1.5708 1.23071
2.79605 -1.68425 -1.23501 -1.79313 1.5708 1.22526
2.79059 -1.68353 -1.23974 -1.78912 1.5708 1.21979
2.78512 -1.68286 -1.24441 -1.78512 1.5708 1.21433
2.77965 -1.68225 -1.249 -1.78114 1.5708 1.20885
2.77417 -1.68169 -1.25354 -1.77716 1.5708 1.20338
2.76869 -1.68119 -1.25801 -1.7732 1.5708 1.19789
2.7632 -1.68074 -1.26241 -1.76924 1.5708 1.19241
2.75772 -1.68034 -1.26675 -1.7653 1.5708 1.18692
2.75222 -1.68001 -1.27102 -1.76136 1.5708 1.18143
2.74673 -1.67972 -1.27523 -1.75744 1.5708 1.17593
2.74123 -1.67949 -1.27938 -1.75352 1.5708 1.17043
2.73573 -1.67931 -1.28347 -1.74961 1.5708 1.16493
2.73023 -1.67919 -1.28749 -1.74572 1.5708 1.15943
2.72473 -1.67911 -1.29145 -1.74183 1.5708 1.15393
2.71922 -1.6791 -1.29535 -1.73795 1.5708 1.14842
2.71372 -1.67913 -1.29918 -1.73408 1.5708 1.14292
2.70821 -1.67922 -1.30295 -1.73021 1.5708 1.13741
2.7027 -1.67936 -1.30667 -1.72636 1.5708 1.13191
2.6972 -1.67955 -1.31032 -1.72252 1.5708 1.1264
2.69169 -1.6798 -1.31391 -1.71868 1.5708 1.12089
2.68619 -1.6801 -1.31744 -1.71485 1.5708 1.11539
2.68068 -1.68045 -1.32091 -1.71103 1.5708 1.10988
2.67518 -1.68085 -1.32432 -1.70722 1.5708 1.10438
2.66968 -1.68131 -1.32766 -1.70342 1.5708 1.09888
2.66418 -1.68181 -1.33095 -1.69962 1.5708 1.09338
2.65868 -1.68237 -1.33418 -1.69584 1.5708 1.08789
2.65319 -1.68298 -1.33735 -1.69206 1.5708 1.08239
2.6477 -1.68364 -1.34046 -1.68829 1.5708 1.0769
2.64221 -1.68435 -1.34351 -1.68453 1.5708 1.07141
2.63673 -1.68511 -1.3465 -1.68078 1.5708 1.06593
2.63125 -1.68592 -1.34943 -1.67704 1.5708 1.06045
2.62577 -1.68679 -1.3523 -1.6733 1.5708 1.05498
2.6203 -1.6877 -1.35511 -1.66958 1.5708 1.04951
2.61484 -1.68866 -1.35787 -1.66586 1.5708 1.04404
2.60938 -1.68968 -1.36056 -1.66215 1.5708 1.03858
2.60392 -1.69074 -1.3632 -1.65845 1.5708 1.03313
2.59847 -1.69185 -1.36578 -1.65476 1.5708 1.02768
2.59303 -1.69302 -1.3683 -1.65108 1.5708 1.02223
2.5876 -1.69423 -1.37076 -1.6474 1.5708 1.0168
2.58217 -1.69549 -1.37316 -1.64374 1.5708 1.01137
2.57674 -1.6968 -1.3755 -1.64009 1.5708 1.00595
2.57133 -1.69816 -1.37779 -1.63644 1.5708 1.00053
2.56592 -1.69957 -1.38002 -1.63281 1.5708 0.995126
2.56052 -1.70102 -1.38219 -1.62918 1.5708 0.989726
2.55513 -1.70253 -1.3843 -1.62557 1.5708 0.984336
2.55513 -1.70253 -1.3843 -1.62557 1.5708 0.984335
2.55513 -1.70222 -1.39103 -1.61914 1.5708 0.984335
2.55513 -1.70195 -1.39771 -1.61273 1.5708 0.984335
2.55513 -1.70172 -1.40435 -1.60632 1.5708 0.984335
2.55513 -1.70153 -1.41095 -1.59992 1.5708 0.984335
2.55513 -1.70137 -1.41749 -1.59352 1.5708 0.984335
2.55513 -1.70125 -1.424 -1.58714 1.5708 0.984335
2.55513 -1.70118 -1.43046 -1.58075 1.5708 0.984335
2.55513 -1.70114 -1.43688 -1.57438 1.5708 0.984335
2.55513 -1.70113 -1.44325 -1.56801 1.5708 0.984335
2.55513 -1.70117 -1.44958 -1.56164 1.5708 0.984335
2.55513 -1.70124 -1.45587 -1.55528 1.5708 0.984335
2.55513 -1.70135 -1.46211 -1.54892 1.5708 0.984335
2.55513 -1.7015 -1.46832 -1.54257 1.5708 0.984335
2.55513 -1.70169 -1.47448 -1.53622 1.5708 0.984335
2.55513 -1.70191 -1.4806 -1.52988 1.5708 0.984335
2.55513 -1.70217 -1.48668 -1.52354 1.5708 0.984335
2.55513 -1.70247 -1.49272 -1.5172 1.5708 0.984335
2.55513 -1.7028 -1.49872 -1.51087 1.5708 0.984335
2.55513 -1.70317 -1.50467 -1.50454 1.5708 0.984335
2.55513 -1.70358 -1.51059 -1.49821 1.5708 0.984335
2.55513 -1.70403 -1.51647 -1.49189 1.5708 0.984335
2.55513 -1.70451 -1.52231 -1.48557 1.5708 0.984335
2.55513 -1.70503 -1.52811 -1.47925 1.5708 0.984335
2.55513 -1.70559 -1.53387 -1.47293 1.5708 0.984335
2.55513 -1.70618 -1.53959 -1.46661 1.5708 0.984335
2.55513 -1.70681 -1.54528 -1.4603 1.5708 0.984335
2.55513 -1.70748 -1.55092 -1.45398 1.5708 0.984335
2.55513 -1.70818 -1.55653 -1.44767 1.5708 0.984335
2.55513 -1.70892 -1.5621 -1.44136 1.5708 0.984335
2.55513 -1.7097 -1.56763 -1.43505 1.5708 0.984335
2.55513 -1.71052 -1.57313 -1.42874 1.5708 0.984335
2.55513 -1.71137 -1.57859 -1.42244 1.5708 0.984335
2.55513 -1.71226 -1.58401 -1.41613 1.5708 0.984335
2.55513 -1.71318 -1.58939 -1.40982 1.5708 0.984335
2.55513 -1.71414 -1.59473 -1.40351 1.5708 0.984335
2.55513 -1.71514 -1.60004 -1.39721 1.5708 0.984335
2.55513 -1.71617 -1.60531 -1.3909 1.5708 0.984335
2.55513 -1.71725 -1.61055 -1.38459 1.5708 0.984335
2.55513 -1.71835 -1.61575 -1.37828 1.5708 0.984335
2.55513 -1.7195 -1.62091 -1.37198 1.5708 0.984335
2.55513 -1.72068 -1.62604 -1.36567 1.5708 0.984335
2.55513 -1.7219 -1.63113 -1.35936 1.5708 0.984335
2.55513 -1.72315 -1.63619 -1.35305 1.5708 0.984335
2.55513 -1.72445 -1.6412 -1.34674 1.5708 0.984335
2.55513 -1.72577 -1.64619 -1.34043 1.5708 0.984335
2.55513 -1.72714 -1.65113 -1.33411 1.5708 0.984335
2.55513 -1.72854 -1.65605 -1.3278 1.5708 0.984335
2.55513 -1.72998 -1.66092 -1.32149 1.5708 0.984335
2.55513 -1.73146 -1.66576 -1.31517 1.5708 0.984335
2.55513 -1.73297 -1.67057 -1.30885 1.5708 0.984335
2.55513 -1.73452 -1.67534 -1.30253 1.5708 0.984335
2.55513 -1.7361 -1.68007 -1.29621 1.5708 0.984335
2.55513 -1.73773 -1.68477 -1.28989 1.5708 0.984335
2.55513 -1.73939 -1.68944 -1.28357 1.5708 0.984335
2.55513 -1.74108 -1.69406 -1.27724 1.5708 0.984335
2.55513 -1.74282 -1.69866 -1.27091 1.5708 0.984335
2.55513 -1.74459 -1.70322 -1.26458 1.5708 0.984335
2.55513 -1.7464 -1.70774 -1.25825 1.5708 0.984335
2.55513 -1.74824 -1.71223 -1.25192 1.5708 0.984335
2.55513 -1.75012 -1.71668 -1.24559 1.5708 0.984335
2.55513 -1.75204 -1.7211 -1.23925 1.5708 0.984335
2.55513 -1.75399 -1.72548 -1.23291 1.5708 0.984335
2.55513 -1.75599 -1.72983 -1.22657 1.5708 0.984335
2.55513 -1.75802 -1.73415 -1.22023 1.5708 0.984335
2.55513 -1.76008 -1.73843 -1.21388 1.5708 0.984335
2.55513 -1.76218 -1.74267 -1.20754 1.5708 0.984335
2.55513 -1.76432 -1.74688 -1.20119 1.5708 0.984335
2.55513 -1.7665 -1.75105 -1.19484 1.5708 0.984335
2.55513 -1.76871 -1.75519 -1.18848 1.5708 0.984335
2.55513 -1.77097 -1.7593 -1.18213 1.5708 0.984335
2.55513 -1.77325 -1.76336 -1.17577 1.5708 0.984335
2.55513 -1.77558 -1.7674 -1.16941 1.5708 0.984335
2.55513 -1.77794 -1.7714 -1.16305 1.5708 0.984335
2.55513 -1.78034 -1.77536 -1.15669 1.5708 0.984335
2.55513 -1.78277 -1.77929 -1.15032 1.5708 0.984335
2.55513 -1.78525 -1.78319 -1.14396 1.5708 0.984335
2.55513 -1.78776 -1.78704 -1.13759 1.5708 0.984335
2.55513 -1.7903 -1.79087 -1.13122 1.5708 0.984335
2.55513 -1.79289 -1.79466 -1.12485 1.5708 0.984335
2.55513 -1.79551 -1.79841 -1.11847 1.5708 0.984335
2.55513 -1.79817 -1.80213 -1.1121 1.5708 0.984335
2.55513 -1.80086 -1.80581 -1.10572 1.5708 0.984335
2.55513 -1.80359 -1.80946 -1.09934 1.5708 0.984335
2.55513 -1.80636 -1.81307 -1.09296 1.5708 0.984335
2.55513 -1.80916 -1.81665 -1.08658 1.5708 0.984335
2.55513 -1.81201 -1.82019 -1.08019 1.5708 0.984335
2.55513 -1.81488 -1.82369 -1.07381 1.5708 0.984335
2.55513 -1.8178 -1.82717 -1.06743 1.5708 0.984335
2.55513 -1.82075 -1.8306 -1.06104 1.5708 0.984335
2.55513 -1.82374 -1.834 -1.05465 1.5708 0.984335
2.55513 -1.82676 -1.83736 -1.04826 1.5708 0.984335
2.55513 -1.82983 -1.84069 -1.04187 1.5708 0.984335
2.55513 -1.83292 -1.84398 -1.03548 1.5708 0.984335
2.55513 -1.83606 -1.84724 -1.02909 1.5708 0.984335
2.55513 -1.83923 -1.85046 -1.0227 1.5708 0.984335
2.55513 -1.84244 -1.85364 -1.01631 1.5708 0.984335
2.55513 -1.84568 -1.85679 -1.00992 1.5708 0.984335
2.55513 -1.84896 -1.8599 -1.00353 1.5708 0.984335
2.55513 -1.85227 -1.86297 -0.99714 1.5708 0.984335
2.55513 -1.85563 -1.86601 -0.99075 1.5708 0.984335
2.55513 -1.85563 -1.86601 -0.990749 1.5708 0.984335
2.55513 -1.85227 -1.86298 -0.99714 1.5708 0.984335
2.55513 -1.84896 -1.8599 -1.00353 1.5708 0.984335
2.55513 -1.84568 -1.85679 -1.00992 1.5708 0.984335
2.55513 -1.84244 -1.85364 -1.01631 1.5708 0.984335
2.55513 -1.83923 -1.85046 -1.0227 1.5708 0.984335
2.55513 -1.83606 -1.84724 -1.02909 1.5708 0.984335
2.55513 -1.83292 -1.84398 -1.03548 1.5708 0.984335
2.55513 -1.82983 -1.84069 -1.04187 1.5708 0.984335
2.55513 -1.82676 -1.83736 -1.04826 1.5708 0.984335
2.55513 -1.82374 -1.834 -1.05465 1.5708 0.984335
2.55513 -1.82075 -1.8306 -1.06104 1.5708 0.984335
2.55513 -1.8178 -1.82717 -1.06742 1.5708 0.984335
2.55513 -1.81488 -1.8237 -1.07381 1.5708 0.984335
2.55513 -1.81201 -1.82019 -1.08019 1.5708 0.984335
2.55513 -1.80916 -1.81665 -1.08658 1.5708 0.984335
2.55513 -1.80636 -1.81307 -1.09296 1.5708 0.984335
2.55513 -1.80359 -1.80946 -1.09934 1.5708 0.984335
2.55513 -1.80086 -1.80581 -1.10572 1.5708 0.984335
2.55513 -1.79817 -1.80213 -1.1121 1.5708 0.984335
2.55513 -1.79551 -1.79841 -1.11847 1.5708 0.984335
2.55513 -1.79289 -1.79466 -1.12484 1.5708 0.984335
2.55513 -1.7903 -1.79087 -1.13122 1.5708 0.984335
2.55513 -1.78776 -1.78704 -1.13759 1.5708 0.984335
2.55513 -1.78525 -1.78319 -1.14396 1.5708 0.984335
2.55513 -1.78277 -1.77929 -1.15032 1.5708 0.984335
2.55513 -1.78034 -1.77536 -1.15669 1.5708 0.984335
2.55513 -1.77794 -1.7714 -1.16305 1.5708 0.984335
2.55513 -1.77558 -1.7674 -1.16941 1.5708 0.984335
2.55513 -1.77325 -1.76336 -1.17577 1.5708 0.984335
2.55513 -1.77097 -1.7593 -1.18213 1.5708 0.984335
2.55513 -1.76871 -1.75519 -1.18848 1.5708 0.984335
2.55513 -1.7665 -1.75105 -1.19484 1.5708 0.984335
2.55513 -1.76432 -1.74688 -1.20119 1.5708 0.984335
2.55513 -1.76218 -1.74267 -1.20753 1.5708 0.984335
2.55513 -1.76008 -1.73843 -1.21388 1.5708 0.984335
2.55513 -1.75802 -1.73415 -1.22023 1.5708 0.984335
2.55513 -1.75599 -1.72983 -1.22657 1.5708 0.984335
2.55513 -1.75399 -1.72548 -1.23291 1.5708 0.984335
2.55513 -1.75204 -1.7211 -1.23925 1.5708 0.984335
2.55513 -1.75012 -1.71668 -1.24558 1.5708 0.984335
2.55513 -1.74824 -1.71223 -1.25192 1.5708 0.984335
2.55513 -1.7464 -1.70774 -1.25825 1.5708 0.984335
2.55513 -1.74459 -1.70322 -1.26458 1.5708 0.984335
2.55513 -1.74282 -1.69866 -1.27091 1.5708 0.984335
2.55513 -1.74108 -1.69406 -1.27724 1.5708 0.984335
2.55513 -1.73939 -1.68944 -1.28357 1.5708 0.984335
2.55513 -1.73773 -1.68477 -1.28989 1.5708 0.984335
2.55513 -1.7361 -1.68007 -1.29621 1.5708 0.984335
2.55513 -1.73452 -1.67534 -1.30253 1.5708 0.984335
2.55513 -1.73297 -1.67057 -1.30885 1.5708 0.984335
2.55513 -1.73146 -1.66576 -1.31517 1.5708 0.984335
2.55513 -1.72998 -1.66092 -1.32149 1.5708 0.984335
2.55513 -1.72854 -1.65605 -1.3278 1.5708 0.984335
2.55513 -1.72714 -1.65113 -1.33411 1.5708 0.984335
2.55513 -1.72577 -1.64619 -1.34043 1.5708 0.984335
2.55513 -1.72445 -1.6412 -1.34674 1.5708 0.984335
2.55513 -1.72315 -1.63619 -1.35305 1.5708 0.984335
2.55513 -1.7219 -1.63113 -1.35936 1.5708 0.984335
2.55513 -1.72068 -1.62604 -1.36567 1.5708 0.984335
2.55513 -1.7195 -1.62091 -1.37198 1.5708 0.984335
2.55513 -1.71835 -1.61575 -1.37828 1.5708 0.984335
2.55513 -1.71725 -1.61055 -1.38459 1.5708 0.984335
2.55513 -1.71617 -1.60532 -1.3909 1.5708 0.984335
2.55513 -1.71514 -1.60004 -1.39721 1.5708 0.984335
2.55513 -1.71414 -1.59473 -1.40351 1.5708 0.984335
2.55513 -1.71318 -1.58939 -1.40982 1.5708 0.984335
2.55513 -1.71226 -1.58401 -1.41613 1.5708 0.984335
2.55513 -1.71137 -1.57859 -1.42244 1.5708 0.984335
2.55513 -1.71052 -1.57313 -1.42874 1.5708 0.984335
2.55513 -1.7097 -1.56763 -1.43505 1.5708 0.984335
2.55513 -1.70892 -1.5621 -1.44136 1.5708 0.984335
2.55513 -1.70818 -1.55653 -1.44767 1.5708 0.984335
2.55513 -1.70748 -1.55093 -1.45398 1.5708 0.984335
2.55513 -1.70681 -1.54528 -1.4603 1.5708 0.984335
2.55513 -1.70618 -1.5396 -1.46661 1.5708 0.984335
2.55513 -1.70559 -1.53387 -1.47293 1.5708 0.984335
2.55513 -1.70503 -1.52811 -1.47925 1.5708 0.984335
2.55513 -1.70451 -1.52231 -1.48557 1.5708 0.984335
2.55513 -1.70403 -1.51647 -1.49189 1.5708 0.984335
2.55513 -1.70358 -1.51059 -1.49821 1.5708 0.984335
2.55513 -1.70317 -1.50467 -1.50454 1.5708 0.984335
2.55513 -1.7028 -1.49872 -1.51087 1.5708 0.984335
2.55513 -1.70247 -1.49272 -1.5172 1.5708 0.984335
2.55513 -1.70217 -1.48668 -1.52354 1.5708 0.984335
2.55513 -1.70191 -1.4806 -1.52988 1.5708 0.984335
2.55513 -1.70169 -1.47448 -1.53622 1.5708 0.984335
2.55513 -1.7015 -1.46832 -1.54257 1.5708 0.984335
2.55513 -1.70135 -1.46211 -1.54892 1.5708 0.984335
2.55513 -1.70124 -1.45587 -1.55528 1.5708 0.984335
2.55513 -1.70117 -1.44958 -1.56164 1.5708 0.984335
2.55513 -1.70113 -1.44325 -1.56801 1.5708 0.984335
2.55513 -1.70114 -1.43688 -1.57438 1.5708 0.984335
2.55513 -1.70118 -1.43046 -1.58075 1.5708 0.984335
2.55513 -1.70125 -1.424 -1.58713 1.5708 0.984335
2.55513 -1.70137 -1.4175 -1.59352 1.5708 0.984335
2.55513 -1.70153 -1.41095 -1.59992 1.5708 0.984335
2.55513 -1.70172 -1.40435 -1.60632 1.5708 0.984335
2.55513 -1.70195 -1.39771 -1.61273 1.5708 0.984335
2.55513 -1.70222 -1.39103 -1.61914 1.5708 0.984335
2.55513 -1.70253 -1.3843 -1.62556 1.5708 0.984335
2.55513 -1.70253 -1.3843 -1.62557 1.5708 0.984335
2.56052 -1.70102 -1.38219 -1.62918 1.5708 0.989726
2.56592 -1.69957 -1.38002 -1.63281 1.5708 0.995125
2.57133 -1.69816 -1.37779 -1.63644 1.5708 1.00053
2.57674 -1.6968 -1.3755 -1.64009 1.5708 1.00595
2.58217 -1.69549 -1.37316 -1.64374 1.5708 1.01137
2.5876 -1.69423 -1.37076 -1.6474 1.5708 1.0168
2.59303 -1.69302 -1.36829 -1.65108 1.5708 1.02224
2.59847 -1.69185 -1.36578 -1.65476 1.5708 1.02768
2.60392 -1.69074 -1.3632 -1.65845 1.5708 1.03313
2.60938 -1.68968 -1.36056 -1.66215 1.5708 1.03858
2.61484 -1.68866 -1.35787 -1.66586 1.5708 1.04404
2.6203 -1.6877 -1.35511 -1.66958 1.5708 1.04951
2.62577 -1.68679 -1.3523 -1.6733 1.5708 1.05498
2.63125 -1.68592 -1.34943 -1.67704 1.5708 1.06045
2.63673 -1.68511 -1.3465 -1.68078 1.5708 1.06593
2.64221 -1.68435 -1.34351 -1.68453 1.5708 1.07142
2.6477 -1.68364 -1.34046 -1.68829 1.5708 1.0769
2.65319 -1.68298 -1.33735 -1.69206 1.5708 1.08239
2.65868 -1.68237 -1.33418 -1.69584 1.5708 1.08789
2.66418 -1.68181 -1.33095 -1.69963 1.5708 1.09338
2.66968 -1.68131 -1.32766 -1.70342 1.5708 1.09888
2.67518 -1.68085 -1.32431 -1.70722 1.5708 1.10438
2.68068 -1.68045 -1.32091 -1.71103 1.5708 1.10989
2.68619 -1.6801 -1.31744 -1.71485 1.5708 1.11539
2.69169 -1.6798 -1.31391 -1.71868 1.5708 1.1209
2.6972 -1.67955 -1.31032 -1.72252 1.5708 1.1264
2.70271 -1.67936 -1.30667 -1.72636 1.5708 1.13191
2.70821 -1.67922 -1.30295 -1.73022 1.5708 1.13742
2.71372 -1.67913 -1.29918 -1.73408 1.5708 1.14292
2.71922 -1.6791 -1.29534 -1.73795 1.5708 1.14843
2.72473 -1.67911 -1.29144 -1.74183 1.5708 1.15393
2.73023 -1.67919 -1.28749 -1.74572 1.5708 1.15944
2.73573 -1.67931 -1.28346 -1.74962 1.5708 1.16494
2.74123 -1.67949 -1.27938 -1.75352 1.5708 1.17044
2.74673 -1.67972 -1.27523 -1.75744 1.5708 1.17594
2.75223 -1.68001 -1.27102 -1.76137 1.5708 1.18143
2.75772 -1.68035 -1.26674 -1.7653 1.5708 1.18692
2.76321 -1.68074 -1.2624 -1.76925 1.5708 1.19241
2.76869 -1.68119 -1.258 -1.7732 1.5708 1.1979
2.77418 -1.68169 -1.25353 -1.77717 1.5708 1.20338
2.77965 -1.68225 -1.249 -1.78114 1.5708 1.20886
2.78513 -1.68286 -1.2444 -1.78513 1.5708 1.21433
2.79059 -1.68353 -1.23974 -1.78912 1.5708 1.2198
2.79606 -1.68425 -1.23501 -1.79313 1.5708 1.22526
2.80151 -1.68503 -1.23021 -1.79715 1.5708 1.23072
2.80697 -1.68586 -1.22535 -1.80118 1.5708 1.23617
2.81241 -1.68675 -1.22042 -1.80522 1.5708 1.24161
2.81785 -1.68769 -1.21542 -1.80928 1.5708 1.24705
2.82328 -1.6887 -1.21035 -1.81334 1.5708 1.25248
2.8287 -1.68975 -1.20521 -1.81742 1.5708 1.25791
2.83412 -1.69087 -1.20001 -1.82151 1.5708 1.26333
2.83953 -1.69204 -1.19473 -1.82562 1.5708 1.26873
2.84493 -1.69327 -1.18938 -1.82974 1.5708 1.27414
2.85032 -1.69455 -1.18396 -1.83387 1.5708 1.27953
2.85571 -1.69589 -1.17847 -1.83802 1.5708 1.28491
2.86108 -1.6973 -1.17291 -1.84218 1.5708 1.29029
2.86645 -1.69875 -1.16727 -1.84636 1.5708 1.29565
2.8718 -1.70027 -1.16156 -1.85056 1.5708 1.30101
2.87715 -1.70185 -1.15578 -1.85477 1.5708 1.30635
2.88248 -1.70348 -1.14992 -1.85899 1.5708 1.31169
2.88781 -1.70517 -1.14398 -1.86324 1.5708 1.31701
2.89312 -1.70693 -1.13797 -1.8675 1.5708 1.32233
2.89843 -1.70874 -1.13187 -1.87178 1.5708 1.32763
2.90372 -1.71061 -1.1257 -1.87608 1.5708 1.33292
2.909 -1.71254 -1.11945 -1.8804 1.5708 1.3382
2.91427 -1.71454 -1.11312 -1.88474 1.5708 1.34347
2.91952 -1.71659 -1.1067 -1.88909 1.5708 1.34873
2.92477 -1.71871 -1.1002 -1.89348 1.5708 1.35397
2.93 -1.72089 -1.09362 -1.89788 1.5708 1.3592
2.93522 -1.72313 -1.08696 -1.9023 1.5708 1.36442
2.94042 -1.72543 -1.0802 -1.90675 1.5708 1.36962
2.94561 -1.7278 -1.07336 -1.91123 1.5708 1.37481
2.95079 -1.73023 -1.06643 -1.91573 1.5708 1.37999
2.95595 -1.73273 -1.05941 -1.92025 1.5708 1.38515
2.9611 -1.73529 -1.0523 -1.9248 1.5708 1.3903
2.96623 -1.73792 -1.04509 -1.92938 1.5708 1.39544
2.97135 -1.74061 -1.03779 -1.93399 1.5708 1.40056
2.97646 -1.74337 -1.03039 -1.93863 1.5708 1.40566
2.98155 -1.7462 -1.02289 -1.9433 1.5708 1.41075
2.98662 -1.74909 -1.0153 -1.948 1.5708 1.41583
2.99168 -1.75206 -1.0076 -1.95273 1.5708 1.42089
2.99673 -1.75509 -0.999797 -1.9575 1.5708 1.42593
3.00175 -1.7582 -0.991888 -1.9623 1.5708 1.43096
3.00676 -1.76138 -0.983871 -1.96714 1.5708 1.43597
3.01176 -1.76463 -0.975743 -1.97202 1.5708 1.44096
3.01674 -1.76795 -0.967502 -1.97694 1.5708 1.44594
3.0217 -1.77135 -0.959146 -1.98189 1.5708 1.4509
3.02664 -1.77482 -0.950671 -1.98689 1.5708 1.45584
3.03157 -1.77837 -0.942076 -1.99194 1.5708 1.46077
3.03648 -1.782 -0.933357 -1.99703 1.5708 1.46568
3.04137 -1.78571 -0.92451 -2.00216 1.5708 1.47057
3.04624 -1.7895 -0.915534 -2.00735 1.5708 1.47545
3.0511 -1.79338 -0.906423 -2.01259 1.5708 1.4803
3.05594 -1.79733 -0.897175 -2.01788 1.5708 1.48514
3.06076 -1.80138 -0.887786 -2.02323 1.5708 1.48996
3.06556 -1.80551 -0.878251 -2.02863 1.5708 1.49477
3.07035 -1.80973 -0.868567 -2.03409 1.5708 1.49955
3.07511 -1.81404 -0.858728 -2.03962 1.5708 1.50432
3.07986 -1.81845 -0.848729 -2.04521 1.5708 1.50906
3.08458 -1.82294 -0.838589 -2.05086 1.5708 1.51378
3.09677 -1.81158 -0.853327 -2.04748 1.5708 1.52597
3.10911 -1.80053 -0.86752 -2.04434 1.5708 1.53831
3.1216 -1.78977 -0.881191 -2.04143 1.5708 1.55081
3.13425 -1.77929 -0.894361 -2.03873 1.5708 1.56345
-0.40215 -1.37249 0.907049 -1.10536 -1.5708 1.16865
-0.392027 -1.38241 0.919273 -1.10766 -1.5708 1.17877
-0.381739 -1.39205 0.931048 -1.10979 -1.5708 1.18906
-0.371284 -1.40143 0.942389 -1.11176 -1.5708 1.19951
-0.360661 -1.41054 0.953309 -1.11356 -1.5708 1.21014
-0.349869 -1.4194 0.963821 -1.11522 -1.5708 1.22093
-0.338906 -1.42799 0.973935 -1.11674 -1.5708 1.23189
-0.327773 -1.43633 0.983662 -1.11813 -1.5708 1.24302
-0.316468 -1.44441 0.993011 -1.11939 -1.5708 1.25433
-0.304992 -1.45224 1.00199 -1.12054 -1.5708 1.2658
-0.293343 -1.45982 1.01061 -1.12159 -1.5708 1.27745
-0.281523 -1.46714 1.01888 -1.12253 -1.5708 1.28927
-0.26953 -1.47421 1.0268 -1.12338 -1.5708 1.30127
-0.257367 -1.48103 1.03438 -1.12414 -1.5708 1.31343
-0.245033 -1.4876 1.04162 -1.12482 -1.5708 1.32576
-0.232529 -1.49391 1.04854 -1.12543 -1.5708 1.33827
-0.219857 -1.49997 1.05513 -1.12596 -1.5708 1.35094
-0.207018 -1.50577 1.06141 -1.12644 -1.5708 1.36378
-0.194013 -1.51132 1.06737 -1.12685 -1.5708 1.37678
-0.180846 -1.51661 1.07303 -1.12721 -1.5708 1.38995
-0.167517 -1.52165 1.07838 -1.12752 -1.5708 1.40328
-0.15403 -1.52643 1.08342 -1.12779 -1.5708 1.41677
-0.140388 -1.53095 1.08817 -1.12802 -1.5708 1.43041
-0.126593 -1.53521 1.09262 -1.12821 -1.5708 1.4442
-0.11265 -1.53921 1.09678 -1.12837 -1.5708 1.45815
-0.0985623 -1.54295 1.10065 -1.1285 -1.5708 1.47223
-0.0843337 -1.54642 1.10424 -1.12861 -1.5708 1.48646
-0.0699688 -1.54963 1.10753 -1.1287 -1.5708 1.50083
-0.0554723 -1.55258 1.11055 -1.12877 -1.5708 1.51532
-0.0408494 -1.55526 1.11328 -1.12882 -1.5708 1.52995
-0.0261054 -1.55767 1.11574 -1.12887 -1.5708 1.54469
-0.0112459 -1.55981 1.11791 -1.1289 -1.5708 1.55955
0.00372336 -1.56169 1.11981 -1.12892 -1.5708 1.57452
0.0187961 -1.5633 1.12144 -1.12894 -1.5708 1.58959
0.0339659 -1.56464 1.12279 -1.12895 -1.5708 1.60476
0.0492262 -1.56571 1.12386 -1.12895 -1.5708 1.62002
0.0645702 -1.5665 1.12467 -1.12896 -1.5708 1.63537
0.0799907 -1.56703 1.1252 -1.12896 -1.5708 1.65079
0.0954806 -1.56729 1.12545 -1.12896 -1.5708 1.66628
0.111033 -1.56727 1.12544 -1.12896 -1.5708 1.68183
0.126639 -1.56699 1.12515 -1.12896 -1.5708 1.69744
0.142292 -1.56643 1.12459 -1.12896 -1.5708 1.71309
0.157984 -1.5656 1.12376 -1.12895 -1.5708 1.72878
0.173708 -1.56451 1.12266 -1.12895 -1.5708 1.7445
0.189455 -1.56314 1.12128 -1.12893 -1.5708 1.76025
0.205218 -1.5615 1.11962 -1.12892 -1.5708 1.77601
0.220988 -1.5596 1.11769 -1.12889 -1.5708 1.79178
0.236758 -1.55742 1.11549 -1.12886 -1.5708 1.80755
0.25252 -1.55498 1.113 -1.12882 -1.5708 1.82332
0.268266 -1.55227 1.11024 -1.12876 -1.5708 1.83906
0.283989 -1.5493 1.10719 -1.12869 -1.5708 1.85479
0.299681 -1.54606 1.10386 -1.1286 -1.5708 1.87048
0.315334 -1.54255 1.10025 -1.12849 -1.5708 1.88613
0.330942 -1.53879 1.09635 -1.12836 -1.5708 1.90174
0.346497 -1.53476 1.09216 -1.12819 -1.5708 1.91729
0.361993 -1.53047 1.08767 -1.12799 -1.5708 1.93279
0.377422 -1.52593 1.08289 -1.12776 -1.5708 1.94822
0.392778 -1.52112 1.07781 -1.12749 -1.5708 1.96357
0.408055 -1.51605 1.07243 -1.12717 -1.5708 1.97885
0.423247 -1.51073 1.06675 -1.12681 -1.5708 1.99404
0.438348 -1.50516 1.06075 -1.12639 -1.5708 2.00914
0.453352 -1.49933 1.05444 -1.12591 -1.5708 2.02415
0.468255 -1.49324 1.04781 -1.12536 -1.5708 2.03905
0.483051 -1.4869 1.04086 -1.12475 -1.5708 2.05385
0.497735 -1.48031 1.03357 -1.12406 -1.5708 2.06853
0.512304 -1.47346 1.02596 -1.12329 -1.5708 2.0831
0.526753 -1.46637 1.018 -1.12243 -1.5708 2.09755
0.541077 -1.45901 1.0097 -1.12148 -1.5708 2.11187
0.555274 -1.45141 1.00104 -1.12042 -1.5708 2.12607
0.56934 -1.44355 0.992019 -1.11926 -1.5708 2.14014
0.583272 -1.43544 0.98263 -1.11798 -1.5708 2.15407
0.597068 -1.42708 0.972862 -1.11658 -1.5708 2.16786
0.610723 -1.41845 0.962705 -1.11505 -1.5708 2.18152
0.624238 -1.40957 0.95215 -1.11337 -1.5708 2.19503
0.637608 -1.40043 0.941185 -1.11155 -1.5708 2.2084
0.650833 -1.39102 0.929798 -1.10957 -1.5708 2.22163
0.66391 -1.38135 0.917975 -1.10742 -1.5708 2.23471
0.67684 -1.3714 0.905702 -1.10509 -1.5708 2.24764
0.689619 -1.36118 0.892963 -1.10258 -1.5708 2.26042
0.702248 -1.35068 0.87974 -1.09986 -1.5708 2.27304
0.714725 -1.33989 0.866014 -1.09692 -1.5708 2.28552
0.727051 -1.3288 0.851763 -1.09376 -1.5708 2.29785
0.739224 -1.31741 0.836964 -1.09035 -1.5708 2.31002
0.751245 -1.3057 0.82159 -1.08668 -1.5708 2.32204
0.763114 -1.29367 0.805612 -1.08274 -1.5708 2.33391
0.77483 -1.2813 0.788996 -1.07849 -1.5708 2.34563
0.786394 -1.26857 0.771705 -1.07393 -1.5708 2.35719
0.797806 -1.25548 0.753695 -1.06902 -1.5708 2.3686
0.809068 -1.24198 0.734918 -1.06373 -1.5708 2.37986
0.820178 -1.22807 0.715317 -1.05804 -1.5708 2.39097
0.83114 -1.21371 0.694827 -1.05192 -1.5708 2.40194
0.841952 -1.19886 0.673371 -1.0453 -1.5708 2.41275
0.852616 -1.1835 0.650858 -1.03816 -1.5708 2.42341
0.863134 -1.16755 0.627179 -1.03042 -1.5708 2.43393
0.873506 -1.15097 0.602201 -1.02203 -1.5708 2.4443
0.88371 -1.13372 0.575823 -1.0129 -1.5708 2.45451
0.88984 -1.14454 0.596895 -1.02315 -1.5708 2.46064
0.896019 -1.15493 0.617117 -1.03299 -1.5708 2.46682
0.902247 -1.16492 0.636568 -1.04244 -1.5708 2.47304
0.908523 -1.17455 0.655316 -1.05156 -1.5708 2.47932
0.914847 -1.18385 0.673417 -1.06037 -1.5708 2.48564
0.921221 -1.19283 0.690922 -1.06889 -1.5708 2.49202
0.927643 -1.20152 0.707873 -1.07715 -1.5708 2.49844
0.934113 -1.20994 0.724308 -1.08517 -1.5708 2.50491
0.940632 -1.21809 0.740259 -1.09296 -1.5708 2.51143
0.947199 -1.226 0.755755 -1.10055 -1.5708 2.518
0.953814 -1.23368 0.770824 -1.10794 -1.5708 2.52461
0.960478 -1.24113 0.785488 -1.11515 -1.5708 2.53127
0.967189 -1.24837 0.799769 -1.12219 -1.5708 2.53799
0.973948 -1.25541 0.813684 -1.12907 -1.5708 2.54474
0.980755 -1.26224 0.827252 -1.13581 -1.5708 2.55155
0.987608 -1.26889 0.840488 -1.1424 -1.5708 2.5584
0.994509 -1.27535 0.853406 -1.14885 -1.5708 2.56531
1.00146 -1.28163 0.86602 -1.15518 -1.5708 2.57225
1.00845 -1.28774 0.87834 -1.16139 -1.5708 2.57925
1.01549 -1.29368 0.890379 -1.16749 -1.5708 2.58629
1.02258 -1.29946 0.902146 -1.17348 -1.5708 2.59337
1.02971 -1.30508 0.913651 -1.17937 -1.5708 2.6005
1.03688 -1.31054 0.924902 -1.18516 -1.5708 2.60768
1.04411 -1.31584 0.935908 -1.19086 -1.5708 2.6149
1.05137 -1.321 0.946675 -1.19647 -1.5708 2.62217
1.05868 -1.32601 0.957211 -1.202 -1.5708 2.62948
1.06603 -1.33087 0.967522 -1.20745 -1.5708 2.63683
1.07343 -1.33559 0.977615 -1.21282 -1.5708 2.64422
1.08087 -1.34017 0.987494 -1.21812 -1.5708 2.65166
1.08834 -1.34462 0.997166 -1.22334 -1.5708 2.65914
1.09586 -1.34892 1.00663 -1.22851 -1.5708 2.66666
1.10342 -1.3531 1.0159 -1.23361 -1.5708 2.67422
1.11102 -1.35713 1.02498 -1.23864 -1.5708 2.68182
1.11866 -1.36104 1.03387 -1.24362 -1.5708 2.68946
1.12634 -1.36482 1.04257 -1.24855 -1.5708 2.69714
1.13406 -1.36847 1.05109 -1.25342 -1.5708 2.70485
1.14181 -1.37199 1.05943 -1.25824 -1.5708 2.71261
1.1496 -1.37538 1.06759 -1.26301 -1.5708 2.7204
1.15742 -1.37865 1.07558 -1.26773 -1.5708 2.72822
1.16528 -1.38179 1.0834 -1.27241 -1.5708 2.73608
1.17318 -1.38481 1.09106 -1.27704 -1.5708 2.74397
1.1811 -1.38771 1.09855 -1.28163 -1.5708 2.7519
1.18906 -1.39049 1.10587 -1.28618 -1.5708 2.75986
1.19705 -1.39314 1.11304 -1.2907 -1.5708 2.76785
1.20507 -1.39567 1.12005 -1.29517 -1.5708 2.77587
1.21312 -1.39809 1.1269 -1.29961 -1.5708 2.78392
1.2212 -1.40038 1.1336 -1.30402 -1.5708 2.792
1.2293 -1.40256 1.14015 -1.30839 -1.5708 2.8001
1.23744 -1.40462 1.14655 -1.31273 -1.5708 2.80823
1.24559 -1.40656 1.1528 -1.31704 -1.5708 2.81639
1.25378 -1.40838 1.1589 -1.32131 -1.5708 2.82457
1.26198 -1.41009 1.16485 -1.32556 -1.5708 2.83278
1.27021 -1.41168 1.17066 -1.32978 -1.5708 2.841
1.27846 -1.41315 1.17633 -1.33398 -1.5708 2.84925
1.28673 -1.41451 1.18186 -1.33815 -1.5708 2.85752
1.29501 -1.41576 1.18725 -1.34229 -1.5708 2.86581
1.30332 -1.41689 1.19249 -1.3464 -1.5708 2.87412
1.31164 -1.4179 1.1976 -1.35049 -1.5708 2.88244
1.31998 -1.41881 1.20257 -1.35456 -1.5708 2.89078
1.32833 -1.4196 1.2074 -1.3586 -1.5708 2.89913
1.3367 -1.42027 1.2121 -1.36263 -1.5708 2.9075
1.34508 -1.42084 1.21667 -1.36662 -1.5708 2.91587
1.35347 -1.42129 1.22109 -1.3706 -1.5708 2.92426
1.36187 -1.42163 1.22539 -1.37456 -1.5708 2.93266
1.37027 -1.42186 1.22955 -1.37849 -1.5708 2.94107
1.37869 -1.42198 1.23358 -1.3824 -1.5708 2.94948
1.38711 -1.42199 1.23748 -1.38629 -1.5708 2.95791
1.39554 -1.42188 1.24125 -1.39016 -1.5708 2.96633
1.40397 -1.42167 1.24489 -1.39401 -1.5708 2.97476
1.4124 -1.42135 1.2484 -1.39784 -1.5708 2.98319
1.42083 -1.42092 1.25178 -1.40165 -1.5708 2.99163
1.42927 -1.42038 1.25503 -1.40544 -1.5708 3.00006
1.4377 -1.41974 1.25815 -1.40921 -1.5708 3.00849
1.44613 -1.41898 1.26114 -1.41295 -1.5708 3.01693
1.45456 -1.41812 1.264 -1.41668 -1.5708 3.02535
1.46298 -1.41715 1.26674 -1.42038 -1.5708 3.03377
1.4714 -1.41608 1.26935 -1.42407 -1.5708 3.04219
1.47981 -1.4149 1.27183 -1.42773 -1.5708 3.0506
1.48821 -1.41361 1.27419 -1.43137 -1.5708 3.059
1.4966 -1.41222 1.27641 -1.43499 -1.5708 3.0674
1.50498 -1.41072 1.27852 -1.43859 -1.5708 3.07578
1.51335 -1.40912 1.28049 -1.44217 -1.5708 3.08415
1.52171 -1.40742 1.28234 -1.44572 -1.5708 3.09251
1.53005 -1.40561 1.28406 -1.44925 -1.5708 3.10085
1.53838 -1.4037 1.28566 -1.45275 -1.5708 3.10918
1.5467 -1.40169 1.28713 -1.45623 -1.5708 3.11749
1.55499 -1.39958 1.28848 -1.45969 -1.5708 3.12579
1.56327 -1.39737 1.28969 -1.46312 -1.5708 3.13407
-1.18397 -2.30856 -0.455094 1.19286 -1.5708 0.386823
-1.17651 -2.31131 -0.454302 1.19481 -1.5708 0.39429
-1.16908 -2.31426 -0.453142 1.1966 -1.5708 0.401716
-1.1617 -2.31741 -0.451612 1.19822 -1.5708 0.409099
-1.15436 -2.32076 -0.449708 1.19967 -1.5708 0.416439
-1.14706 -2.32432 -0.447428 1.20095 -1.5708 0.423736
-1.13981 -2.32809 -0.444764 1.20205 -1.5708 0.430988
-1.1326 -2.33206 -0.441712 1.20297 -1.5708 0.438197
-1.12544 -2.33624 -0.438264 1.20371 -1.5708 0.445361
-1.11832 -2.34065 -0.434411 1.20426 -1.5708 0.452479
-1.11124 -2.34527 -0.430144 1.20462 -1.5708 0.459552
-1.10423 -2.3501 -0.425462 1.20477 -1.5708 0.466564
-1.10423 -2.34516 -0.441225 1.21559 -1.5708 0.466564
-1.10423 -2.34051 -0.456393 1.22611 -1.5708 0.466564
-1.10423 -2.33613 -0.471024 1.23636 -1.5708 0.466564
-1.10423 -2.33199 -0.485166 1.24636 -1.5708 0.466564
-1.10423 -2.32808 -0.498859 1.25615 -1.5708 0.466564
-1.10423 -2.32438 -0.512141 1.26572 -1.5708 0.466564
-1.10423 -2.32087 -0.525041 1.27511 -1.5708 0.466564
-1.10423 -2.31753 -0.537587 1.28433 -1.5708 0.466564
-1.10423 -2.31437 -0.549802 1.29338 -1.5708 0.466564
-1.10423 -2.31137 -0.561708 1.30228 -1.5708 0.466564
-1.10423 -2.30851 -0.573324 1.31104 -1.5708 0.466564
-1.10423 -2.30579 -0.584667 1.31966 -1.5708 0.466564
-1.10423 -2.30321 -0.595752 1.32816 -1.5708 0.466564
-1.10423 -2.30075 -0.606593 1.33655 -1.5708 0.466564
-1.10423 -2.29842 -0.617202 1.34482 -1.5708 0.466564
-1.10423 -2.2962 -0.627591 1.35299 -1.5708 0.466564
-1.10423 -2.29409 -0.63777 1.36106 -1.5708 0.466564
-1.10423 -2.29208 -0.64775 1.36903 -1.5708 0.466564
-1.10423 -2.29018 -0.657538 1.37692 -1.5708 0.466564
-1.10423 -2.28837 -0.667143 1.38472 -1.5708 0.466564
-1.10423 -2.28666 -0.676573 1.39243 -1.5708 0.466564
-1.10423 -2.28504 -0.685833 1.40007 -1.5708 0.466564
-1.10423 -2.2835 -0.694932 1.40764 -1.5708 0.466564
-1.10423 -2.28205 -0.703875 1.41513 -1.5708 0.466564
-1.10423 -2.28068 -0.712667 1.42255 -1.5708 0.466564
-1.10423 -2.27939 -0.721313 1.42991 -1.5708 0.466564
-1.10423 -2.27818 -0.72982 1.4372 -1.5708 0.466564
-1.10423 -2.27704 -0.73819 1.44443 -1.5708 0.466564
-1.10423 -2.27597 -0.746429 1.45161 -1.5708 0.466564
-1.10423 -2.27498 -0.754541 1.45872 -1.5708 0.466564
-1.10423 -2.27405 -0.762529 1.46579 -1.5708 0.466564
-1.10423 -2.27319 -0.770396 1.47279 -1.5708 0.466564
-1.10423 -2.2724 -0.778148 1.47975 -1.5708 0.466564
-1.10423 -2.27167 -0.785785 1.48666 -1.5708 0.466564
-1.10423 -2.271 -0.793313 1.49352 -1.5708 0.466564
-1.10423 -2.27039 -0.800732 1.50033 -1.5708 0.466564
-1.10423 -2.26985 -0.808047 1.5071 -1.5708 0.466564
-1.10423 -2.26936 -0.81526 1.51382 -1.5708 0.466564
-1.10423 -2.26893 -0.822373 1.5205 -1.5708 0.466564
-1.10423 -2.26855 -0.829388 1.52714 -1.5708 0.466564
-1.10423 -2.26823 -0.836308 1.53374 -1.5708 0.466564
-1.10423 -2.26796 -0.843135 1.5403 -1.5708 0.466564
-1.10423 -2.26775 -0.84987 1.54682 -1.5708 0.466564
-1.10423 -2.26759 -0.856517 1.55331 -1.5708 0.466564
-1.10423 -2.26748 -0.863076 1.55976 -1.5708 0.466564
-1.10423 -2.26742 -0.869549 1.56617 -1.5708 0.466564
1.66083 -0.874188 0.875939 1.56905 1.5708 0.0900357
1.66083 -0.87415 0.882246 1.5627 1.5708 0.0900357
1.66083 -0.874064 0.888472 1.55639 1.5708 0.0900357
1.66083 -0.873932 0.894619 1.55011 1.5708 0.0900357
1.66083 -0.873753 0.900688 1.54386 1.5708 0.0900357
1.66083 -0.873528 0.90668 1.53764 1.5708 0.0900357
1.66083 -0.873258 0.912597 1.53146 1.5708 0.0900357
1.66083 -0.872943 0.91844 1.5253 1.5708 0.0900357
1.66083 -0.872585 0.924209 1.51917 1.5708 0.0900357
1.66083 -0.872183 0.929907 1.51307 1.5708 0.0900357
1.66083 -0.871738 0.935535 1.507 1.5708 0.0900357
1.66083 -0.871251 0.941093 1.50095 1.5708 0.0900357
1.66083 -0.870722 0.946582 1.49494 1.5708 0.0900357
1.66083 -0.870152 0.952003 1.48895 1.5708 0.0900357
1.66083 -0.869542 0.957358 1.48298 1.5708 0.0900357
1.66083 -0.86889 0.962647 1.47704 1.5708 0.0900357
1.66083 -0.8682 0.967871 1.47112 1.5708 0.0900357
1.66083 -0.867469 0.973032 1.46523 1.5708 0.0900357
1.66083 -0.8667 0.978128 1.45937 1.5708 0.0900357
1.66083 -0.865892 0.983163 1.45353 1.5708 0.0900357
1.66083 -0.865046 0.988136 1.44771 1.5708 0.0900357
1.66083 -0.864162 0.993047 1.44191 1.5708 0.0900357
1.66083 -0.863241 0.997899 1.43614 1.5708 0.0900357
1.66083 -0.862283 1.00269 1.43039 1.5708 0.0900357
1.66083 -0.861288 1.00742 1.42466 1.5708 0.0900357
1.66083 -0.860257 1.0121 1.41895 1.5708 0.0900357
1.66083 -0.85919 1.01672 1.41327 1.5708 0.0900357
1.66083 -0.858087 1.02127 1.40761 1.5708 0.0900357
1.66083 -0.856948 1.02578 1.40197 1.5708 0.0900357
1.66083 -0.855775 1.03023 1.39635 1.5708 0.0900357
1.66083 -0.854567 1.03462 1.39075 1.5708 0.0900357
1.66083 -0.853324 1.03895 1.38517 1.5708 0.0900357
1.66083 -0.852047 1.04324 1.37961 1.5708 0.0900357
1.66083 -0.850737 1.04747 1.37407 1.5708 0.0900357
1.66083 -0.849393 1.05164 1.36855 1.5708 0.0900357
1.66083 -0.848015 1.05576 1.36305 1.5708 0.0900357
1.66083 -0.846604 1.05983 1.35757 1.5708 0.0900357
1.66083 -0.845161 1.06385 1.35211 1.5708 0.0900357
1.66083 -0.843685 1.06782 1.34666 1.5708 0.0900357
1.66083 -0.842176 1.07173 1.34124 1.5708 0.0900357
1.66083 -0.840636 1.07559 1.33584 1.5708 0.0900357
1.66083 -0.839064 1.07941 1.33045 1.5708 0.0900357
1.66083 -0.83746 1.08317 1.32509 1.5708 0.0900357
1.66083 -0.835824 1.08688 1.31974 1.5708 0.0900357
1.66083 -0.834158 1.09055 1.31441 1.5708 0.0900357
1.66083 -0.83246 1.09416 1.3091 1.5708 0.0900357
1.66083 -0.830732 1.09773 1.3038 1.5708 0.0900357
1.66083 -0.828974 1.10124 1.29853 1.5708 0.0900357
1.66083 -0.827185 1.10471 1.29327 1.5708 0.0900357
1.66083 -0.825365 1.10813 1.28803 1.5708 0.0900357
1.66083 -0.823516 1.11151 1.28281 1.5708 0.0900357
1.66083 -0.821638 1.11483 1.2776 1.5708 0.0900357
1.66083 -0.819729 1.11811 1.27241 1.5708 0.0900357
1.66083 -0.817796 1.12134 1.26726 1.5708 0.0900357
1.66083 -0.819734 1.1181 1.27243 1.5708 0.0900357
1.66083 -0.821642 1.11482 1.27761 1.5708 0.0900357
1.66083 -0.823521 1.1115 1.28282 1.5708 0.0900357
1.66083 -0.82537 1.10813 1.28804 1.5708 0.0900357
1.66083 -0.827189 1.1047 1.29328 1.5708 0.0900357
1.66083 -0.828978 1.10124 1.29854 1.5708 0.0900357
1.66083 -0.830736 1.09772 1.30381 1.5708 0.0900357
1.66083 -0.832464 1.09415 1.30911 1.5708 0.0900357
1.66083 -0.834162 1.09054 1.31442 1.5708 0.0900357
1.66083 -0.835828 1.08687 1.31975 1.5708 0.0900357
1.66083 -0.837463 1.08316 1.3251 1.5708 0.0900357
1.66083 -0.839067 1.0794 1.33047 1.5708 0.0900357
1.66083 -0.84064 1.07559 1.33585 1.5708 0.0900357
1.66083 -0.84218 1.07172 1.34125 1.5708 0.0900357
1.66083 -0.843688 1.06781 1.34668 1.5708 0.0900357
1.66083 -0.845164 1.06384 1.35212 1.5708 0.0900357
1.66083 -0.846608 1.05982 1.35758 1.5708 0.0900357
1.66083 -0.848018 1.05575 1.36306 1.5708 0.0900357
1.66083 -0.849396 1.05163 1.36856 1.5708 0.0900357
1.66083 -0.85074 1.04746 1.37408 1.5708 0.0900357
1.66083 -0.85205 1.04323 1.37962 1.5708 0.0900357
1.66083 -0.853327 1.03894 1.38518 1.5708 0.0900357
1.66083 -0.85457 1.03461 1.39076 1.5708 0.0900357
1.66083 -0.855778 1.03022 1.39636 1.5708 0.0900357
1.66083 -0.856951 1.02577 1.40198 1.5708 0.0900357
1.66083 -0.858089 1.02126 1.40762 1.5708 0.0900357
1.66083 -0.859192 1.0167 1.41328 1.5708 0.0900357
1.66083 -0.860259 1.01209 1.41897 1.5708 0.0900357
1.66083 -0.86129 1.00741 1.42467 1.5708 0.0900357
1.66083 -0.862285 1.00268 1.4304 1.5708 0.0900357
1.66083 -0.863243 0.997888 1.43615 1.5708 0.0900357
1.66083 -0.864165 0.993036 1.44192 1.5708 0.0900357
1.66083 -0.865048 0.988124 1.44772 1.5708 0.0900357
1.66083 -0.865894 0.983151 1.45354 1.5708 0.0900357
1.66083 -0.866702 0.978117 1.45938 1.5708 0.0900357
1.66083 -0.867471 0.97302 1.46525 1.5708 0.0900357
1.66083 -0.868201 0.96786 1.47114 1.5708 0.0900357
1.66083 -0.868892 0.962635 1.47705 1.5708 0.0900357
1.66083 -0.869543 0.957346 1.48299 1.5708 0.0900357
1.66083 -0.870154 0.951991 1.48896 1.5708 0.0900357
1.66083 -0.870723 0.946569 1.49495 1.5708 0.0900357
1.66083 -0.871252 0.94108 1.50097 1.5708 0.0900357
1.66083 -0.871739 0.935522 1.50701 1.5708 0.0900357
1.66083 -0.872184 0.929894 1.51309 1.5708 0.0900357
1.66083 -0.872585 0.924196 1.51919 1.5708 0.0900357
1.66083 -0.872944 0.918426 1.52531 1.5708 0.0900357
1.66083 -0.873258 0.912583 1.53147 1.5708 0.0900357
1.66083 -0.873528 0.906666 1.53766 1.5708 0.0900357
1.66083 -0.873753 0.900674 1.54388 1.5708 0.0900357
1.66083 -0.873932 0.894605 1.55012 1.5708 0.0900357
1.66083 -0.874065 0.888458 1.5564 1.5708 0.0900357
1.66083 -0.87415 0.882232 1.56271 1.5708 0.0900357
1.66083 -0.874188 0.875924 1.56906 1.5708 0.0900357
-1.10423 -2.26742 -0.869535 1.56615 -1.5708 0.466564
-1.10423 -2.26748 -0.863061 1.55974 -1.5708 0.466564
-1.10423 -2.26759 -0.856502 1.55329 -1.5708 0.466564
-1.10423 -2.26775 -0.849855 1.54681 -1.5708 0.466564
-1.10423 -2.26796 -0.843119 1.54029 -1.5708 0.466564
-1.10423 -2.26823 -0.836292 1.53373 -1.5708 0.466564
-1.10423 -2.26855 -0.829372 1.52713 -1.5708 0.466564
-1.10423 -2.26893 -0.822356 1.52049 -1.5708 0.466564
-1.10423 -2.26936 -0.815243 1.51381 -1.5708 0.466564
-1.10423 -2.26985 -0.808031 1.50708 -1.5708 0.466564
-1.10423 -2.2704 -0.800715 1.50031 -1.5708 0.466564
-1.10423 -2.271 -0.793295 1.4935 -1.5708 0.466564
-1.10423 -2.27167 -0.785768 1.48664 -1.5708 0.466564
-1.10423 -2.2724 -0.77813 1.47974 -1.5708 0.466564
-1.10423 -2.2732 -0.770379 1.47278 -1.5708 0.466564
-1.10423 -2.27406 -0.76251 1.46577 -1.5708 0.466564
-1.10423 -2.27498 -0.754522 1.45871 -1.5708 0.466564
-1.10423 -2.27598 -0.74641 1.45159 -1.5708 0.466564
-1.10423 -2.27704 -0.738171 1.44442 -1.5708 0.466564
-1.10423 -2.27818 -0.7298 1.43719 -1.5708 0.466564
-1.10423 -2.27939 -0.721294 1.42989 -1.5708 0.466564
-1.10423 -2.28068 -0.712647 1.42253 -1.5708 0.466564
-1.10423 -2.28205 -0.703854 1.41511 -1.5708 0.466564
-1.10423 -2.2835 -0.694911 1.40762 -1.5708 0.466564
-1.10423 -2.28504 -0.685812 1.40006 -1.5708 0.466564
-1.10423 -2.28666 -0.676551 1.39242 -1.5708 0.466564
-1.10423 -2.28837 -0.667121 1.3847 -1.5708 0.466564
-1.10423 -2.29018 -0.657516 1.3769 -1.5708 0.466564
-1.10423 -2.29208 -0.647727 1.36902 -1.5708 0.466564
-1.10423 -2.29409 -0.637747 1.36104 -1.5708 0.466564
-1.10423 -2.2962 -0.627567 1.35297 -1.5708 0.466564
-1.10423 -2.29842 -0.617178 1.3448 -1.5708 0.466564
-1.10423 -2.30076 -0.606568 1.33653 -1.5708 0.466564
-1.10423 -2.30321 -0.595727 1.32814 -1.5708 0.466564
-1.10423 -2.3058 -0.584641 1.31964 -1.5708 0.466564
-1.10423 -2.30851 -0.573298 1.31102 -1.5708 0.466564
-1.10423 -2.31137 -0.561681 1.30226 -1.5708 0.466564
-1.10423 -2.31438 -0.549774 1.29336 -1.5708 0.466564
-1.10423 -2.31754 -0.537558 1.2843 -1.5708 0.466564
-1.10423 -2.32087 -0.525012 1.27509 -1.5708 0.466564
-1.10423 -2.32439 -0.512111 1.2657 -1.5708 0.466564
-1.10423 -2.32809 -0.498829 1.25612 -1.5708 0.466564
-1.10423 -2.332 -0.485134 1.24634 -1.5708 0.466564
-1.10423 -2.33614 -0.470991 1.23633 -1.5708 0.466564
-1.10423 -2.34052 -0.456359 1.22608 -1.5708 0.466564
-1.10423 -2.34517 -0.44119 1.21556 -1.5708 0.466564
-1.10423 -2.3501 -0.425462 1.20477 -1.5708 0.466564
-1.11126 -2.34526 -0.430154 1.20461 -1.5708 0.459536
-1.11833 -2.34064 -0.43442 1.20426 -1.5708 0.452463
-1.12545 -2.33624 -0.438272 1.20371 -1.5708 0.445344
-1.13262 -2.33205 -0.441719 1.20297 -1.5708 0.438181
-1.13982 -2.32808 -0.444771 1.20205 -1.5708 0.430972
-1.14708 -2.32431 -0.447433 1.20095 -1.5708 0.423719
-1.15437 -2.32075 -0.449713 1.19967 -1.5708 0.416422
-1.16171 -2.3174 -0.451616 1.19822 -1.5708 0.409082
-1.1691 -2.31425 -0.453145 1.1966 -1.5708 0.401699
-1.17652 -2.3113 -0.454304 1.19481 -1.5708 0.394273
-1.18399 -2.30856 -0.455096 1.19285 -1.5708 0.386806
-1.1915 -2.30601 -0.455521 1.19073 -1.5708 0.379297
-1.19905 -2.30366 -0.455581 1.18845 -1.5708 0.371748
-1.20664 -2.30152 -0.455274 1.186 -1.5708 0.364159
-1.21427 -2.29958 -0.454602 1.18339 -1.5708 0.35653
-1.22193 -2.29784 -0.453561 1.18061 -1.5708 0.348863
-1.22964 -2.29631 -0.452149 1.17766 -1.5708 0.341158
-1.23738 -2.29499 -0.450362 1.17455 -1.5708 0.333415
-1.24516 -2.29387 -0.448197 1.17127 -1.5708 0.325636
-1.25298 -2.29297 -0.445647 1.16782 -1.5708 0.317821
-1.26082 -2.29229 -0.442707 1.1642 -1.5708 0.309972
-1.26871 -2.29182 -0.439368 1.16039 -1.5708 0.302088
-1.27663 -2.29158 -0.435622 1.15641 -1.5708 0.294171
-1.28458 -2.29157 -0.43146 1.15224 -1.5708 0.286221
-1.29256 -2.2918 -0.426868 1.14787 -1.5708 0.27824
-1.30057 -2.29227 -0.421834 1.14331 -1.5708 0.270229
-1.30861 -2.29299 -0.416342 1.13854 -1.5708 0.262187
-1.31668 -2.29397 -0.410375 1.13355 -1.5708 0.254117
-1.32478 -2.29522 -0.403913 1.12833 -1.5708 0.246019
-1.3329 -2.29675 -0.396932 1.12288 -1.5708 0.237895
-1.34105 -2.29857 -0.389405 1.11718 -1.5708 0.229744
-1.34923 -2.3007 -0.381302 1.11121 -1.5708 0.221569
-1.35743 -2.30316 -0.372586 1.10495 -1.5708 0.213371
-1.36565 -2.30596 -0.363215 1.09838 -1.5708 0.205149
-1.37389 -2.30914 -0.353136 1.09148 -1.5708 0.196906
-1.38215 -2.31272 -0.342291 1.08421 -1.5708 0.188643
-1.39044 -2.31673 -0.330605 1.07654 -1.5708 0.18036
-1.39874 -2.32123 -0.317987 1.06842 -1.5708 0.172059
-1.40706 -2.32626 -0.304323 1.05979 -1.5708 0.163741
-1.41539 -2.3319 -0.289469 1.05057 -1.5708 0.155407
1.31996 -0.270899 -1.20256 -0.0973379 -1.5708 2.89076
1.31162 -0.274676 -1.19759 -0.0985317 -1.5708 2.88242
1.3033 -0.27847 -1.19248 -0.0998461 -1.5708 2.8741
1.295 -0.282281 -1.18723 -0.101282 -1.5708 2.86579
1.28671 -0.286111 -1.18185 -0.102838 -1.5708 2.8575
1.27844 -0.289959 -1.17632 -0.104517 -1.5708 2.84923
1.27019 -0.293827 -1.17065 -0.106318 -1.5708 2.84099
1.26196 -0.297716 -1.16484 -0.108241 -1.5708 2.83276
1.25376 -0.301625 -1.15888 -0.110287 -1.5708 2.82455
1.24558 -0.305557 -1.15278 -0.112457 -1.5708 2.81637
1.23742 -0.309513 -1.14653 -0.114751 -1.5708 2.80821
1.22929 -0.313492 -1.14014 -0.117169 -1.5708 2.80008
1.22118 -0.317497 -1.13359 -0.119713 -1.5708 2.79198
1.2131 -0.321528 -1.12689 -0.122381 -1.5708 2.7839
1.20505 -0.325586 -1.12003 -0.125177 -1.5708 2.77585
1.19703 -0.329674 -1.11302 -0.128099 -1.5708 2.76783
1.18904 -0.333792 -1.10586 -0.131148 -1.5708 2.75984
1.18109 -0.337942 -1.09853 -0.134326 -1.5708 2.75188
1.17316 -0.342125 -1.09104 -0.137633 -1.5708 2.74396
1.16527 -0.346342 -1.08338 -0.141069 -1.5708 2.73606
1.15741 -0.350597 -1.07556 -0.144637 -1.5708 2.7282
1.14958 -0.354889 -1.06757 -0.148336 -1.5708 2.72038
1.14179 -0.359221 -1.05941 -0.152167 -1.5708 2.71259
1.13404 -0.363596 -1.05107 -0.156133 -1.5708 2.70484
1.12632 -0.368014 -1.04255 -0.160233 -1.5708 2.69712
1.11865 -0.372478 -1.03385 -0.16447 -1.5708 2.68944
1.11101 -0.376991 -1.02496 -0.168845 -1.5708 2.6818
1.10341 -0.381554 -1.01588 -0.173358 -1.5708 2.6742
1.09585 -0.386171 -1.00661 -0.178012 -1.5708 2.66664
1.08833 -0.390843 -0.997144 -0.182809 -1.5708 2.65912
1.08085 -0.395574 -0.987472 -0.18775 -1.5708 2.65164
1.07341 -0.400367 -0.977592 -0.192837 -1.5708 2.64421
1.06602 -0.405224 -0.967499 -0.198073 -1.5708 2.63681
1.05866 -0.410149 -0.957187 -0.20346 -1.5708 2.62946
1.05135 -0.415145 -0.946651 -0.209 -1.5708 2.62215
1.04409 -0.420217 -0.935883 -0.214697 -1.5708 2.61489
1.03687 -0.425367 -0.924877 -0.220552 -1.5708 2.60766
1.02969 -0.430601 -0.913625 -0.22657 -1.5708 2.60049
1.02256 -0.435922 -0.90212 -0.232755 -1.5708 2.59336
1.01547 -0.441335 -0.890352 -0.239109 -1.5708 2.58627
1.00843 -0.446846 -0.878313 -0.245638 -1.5708 2.57923
1.00144 -0.45246 -0.865991 -0.252345 -1.5708 2.57224
0.994493 -0.458183 -0.853377 -0.259237 -1.5708 2.56529
0.987593 -0.46402 -0.840458 -0.266318 -1.5708 2.55839
0.980739 -0.46998 -0.827222 -0.273595 -1.5708 2.55154
0.973932 -0.476069 -0.813653 -0.281075 -1.5708 2.54473
0.967174 -0.482296 -0.799736 -0.288764 -1.5708 2.53797
0.960462 -0.488669 -0.785455 -0.296673 -1.5708 2.53126
0.953799 -0.495198 -0.77079 -0.304809 -1.5708 2.5246
0.947184 -0.501893 -0.75572 -0.313182 -1.5708 2.51798
0.940617 -0.508768 -0.740223 -0.321806 -1.5708 2.51141
0.934098 -0.515834 -0.72427 -0.330692 -1.5708 2.50489
0.927628 -0.523107 -0.707835 -0.339854 -1.5708 2.49842
0.921206 -0.530602 -0.690883 -0.349311 -1.5708 2.492
0.914833 -0.53834 -0.673377 -0.35908 -1.5708 2.48563
0.908508 -0.546339 -0.655274 -0.369183 -1.5708 2.4793
0.902232 -0.554626 -0.636524 -0.379646 -1.5708 2.47303
0.896005 -0.563228 -0.617072 -0.390496 -1.5708 2.4668
0.889826 -0.572178 -0.596848 -0.40177 -1.5708 2.46062
0.88371 -0.581493 -0.575823 -0.41348 -1.5708 2.45451
0.87707 -0.571832 -0.608206 -0.38837 -1.57529 2.43819
0.870314 -0.563045 -0.63886 -0.364221 -1.57983 2.42177
0.863439 -0.555017 -0.668023 -0.34091 -1.58443 2.40524
0.856439 -0.547659 -0.69588 -0.318344 -1.58908 2.3886
0.849313 -0.540898 -0.722583 -0.296448 -1.59378 2.37184
0.842056 -0.534676 -0.748254 -0.27516 -1.59853 2.35495
0.834664 -0.528944 -0.772994 -0.25443 -1.60333 2.33793
0.827133 -0.52366 -0.796891 -0.234217 -1.60818 2.32079
0.819459 -0.518788 -0.820016 -0.214487 -1.61307 2.3035
0.811637 -0.5143 -0.842432 -0.195209 -1.618 2.28607
0.803662 -0.510168 -0.864194 -0.17636 -1.62298 2.26849
0.79553 -0.506369 -0.88535 -0.157918 -1.628 2.25075
0.787237 -0.502883 -0.90594 -0.139865 -1.63306 2.23285
0.778776 -0.499692 -0.926002 -0.122186 -1.63815 2.21478
0.770142 -0.496779 -0.945568 -0.104868 -1.64327 2.19654
0.761331 -0.494131 -0.964669 -0.0879009 -1.64843 2.17811
0.752336 -0.491733 -0.98333 -0.0712743 -1.65362 2.1595
0.743151 -0.489574 -1.00158 -0.0549809 -1.65883 2.14069
0.733771 -0.487643 -1.01943 -0.0390143 -1.66407 2.12168
0.724189 -0.48593 -1.03691 -0.0233694 -1.66933 2.10245
0.714398 -0.484424 -1.05403 -0.00804217 -1.6746 2.08301
0.704393 -0.483118 -1.07081 0.00697035 -1.67989 2.06333
0.694165 -0.482003 -1.08726 0.0216703 -1.68519 2.04342
0.683708 -0.481071 -1.10341 0.0360588 -1.6905 2.02326
0.673014 -0.480314 -1.11926 0.0501365 -1.69581 2.00285
0.662076 -0.479727 -1.13482 0.0639029 -1.70112 1.98217
0.650885 -0.479301 -1.15011 0.077357 -1.70642 1.96121
0.639434 -0.479031 -1.16513 0.0904973 -1.71171 1.93997
0.627713 -0.478909 -1.1799 0.103321 -1.71699 1.91843
0.615716 -0.478931 -1.19442 0.115826 -1.72224 1.89659
0.603431 -0.47909 -1.20871 0.128009 -1.72746 1.87442
0.590851 -0.479379 -1.22276 0.139865 -1.73265 1.85193
0.577965 -0.479794 -1.23659 0.15139 -1.73779 1.82909
0.564765 -0.480328 -1.25021 0.162579 -1.74289 1.8059
0.551239 -0.480975 -1.26362 0.173427 -1.74792 1.78235
0.537379 -0.48173 -1.27683 0.183928 -1.75289 1.75841
0.523174 -0.482586 -1.28984 0.194075 -1.75779 1.73409
0.508613 -0.483538 -1.30266 0.203863 -1.7626 1.70936
0.493685 -0.48458 -1.3153 0.213284 -1.76731 1.68421
0.47838 -0.485705 -1.32775 0.22233 -1.77192 1.65863
0.462686 -0.486907 -1.34003 0.230996 -1.77641 1.63262
0.446593 -1.77641 1.35213 -1.17676 -1.78076 1.60615
0.43009 -1.7889 1.36407 -1.1816 -1.78498 1.57921
0.413165 -1.80128 1.37583 -1.18667 -1.78903 1.55179
0.395807 -1.81355 1.38744 -1.192 -1.79291 1.52388
0.378006 -1.82572 1.39889 -1.19757 -1.7966 1.49547
0.35975 -1.83776 1.41018 -1.20342 -1.80009 1.46654
0.34103 -1.84968 1.42131 -1.20954 -1.80336 1.4371
0.321835 -1.86147 1.43229 -1.21595 -1.80638 1.40712
0.302155 -1.87313 1.44312 -1.22265 -1.80915 1.3766
0.281982 -1.88465 1.4538 -1.22965 -1.81164 1.34554
0.261308 -1.89601 1.46433 -1.23695 -1.81383 1.31392
0.240124 -1.90722 1.4747 -1.24456 -1.8157 1.28175
0.218425 -1.91826 1.48492 -1.25249 -1.81723 1.24903
0.196204 -1.92912 1.49499 -1.26072 -1.81839 1.21575
0.173459 -1.93979 1.5049 -1.26927 -1.81918 1.18192
0.150187 -1.95026 1.51466 -1.27813 -1.81955 1.14754
0.126388 -1.96053 1.52425 -1.28729 -1.8195 1.11263
0.102061 -1.97057 1.53368 -1.29674 -1.819 1.07719
0.0772126 -1.98037 1.54294 -1.30649 -1.81802 1.04124
0.0518469 -1.98993 1.55203 -1.31651 -1.81656 1.00479
0.0259729 -1.99922 1.56093 -1.32679 -1.81458 0.967868
-0.000398104 -2.00823 1.56966 -1.33732 -1.81208 0.930501
-0.0272516 -2.01695 1.57819 -1.34807 -1.80902 0.892714
-0.0545698 -2.02537 1.58652 -1.35903 -1.80541 0.854541
-0.0823319 -2.03345 1.59465 -1.37017 -1.80123 0.816017
-0.110513 -2.0412 1.60256 -1.38147 -1.79647 0.777182
-0.139085 -2.04859 1.61025 -1.39289 -1.79113 0.738078
-0.168017 -2.05561 1.61772 -1.40443 -1.78519 0.698751
-0.197272 -2.06224 1.62495 -1.41603 -1.77867 0.659251
-0.226811 -2.06846 1.63193 -1.42768 -1.77157 0.619628
-0.256592 -2.07427 1.63866 -1.43935 -1.7639 0.579935
-0.286568 -2.07964 1.64513 -1.45101 -1.75566 0.540228
-0.316692 -2.08456 1.65133 -1.46262 -1.74688 0.500562
-0.346911 -2.08902 1.65726 -1.47418 -1.73758 0.460994
-0.377171 -2.09301 1.6629 -1.48564 -1.72778 0.42158
-0.407419 -2.09651 1.66826 -1.49699 -1.71751 0.382376
-0.437596 -2.09952 1.67333 -1.50821 -1.7068 0.343436
-0.467646 -2.10202 1.67811 -1.51928 -1.69569 0.304812
-0.497512 -2.104 1.68258 -1.5302 -1.6842 0.266556
-0.527139 -2.10547 1.68675 -1.54093 -1.67239 0.228714
-0.55647 -2.10641 1.69062 -1.55149 -1.66029 0.191331
-0.585455 -2.10682 1.69418 -1.56186 -1.64794 0.154449
-0.614043 -2.1067 1.69743 -1.57204 -1.63537 0.118102
-0.642187 -2.10604 1.70037 -1.58202 -1.62264 0.0823254
-0.669844 -2.10486 1.703 -1.59182 -1.60977 0.0471465
-0.696975 -2.10314 1.70532 -1.60144 -1.5968 0.0125897
-0.723544 -2.10089 1.70733 -1.61087 -1.58378 -0.0213249
-0.749523 -2.09813 1.70903 -1.62013 -1.57072 -0.0545818
-0.774883 -2.09484 1.71042 -1.62922 -1.55767 -0.0871694
-0.799605 -2.09105 1.7115 -1.63816 -1.54466 -0.11908
-0.823672 -2.08675 1.71226 -1.64694 -1.5317 -0.15031
-0.84707 -2.08196 1.71272 -1.65557 -1.51881 -0.180858
-0.869792 -2.07668 1.71287 -1.66406 -1.50603 -0.210729
-0.891834 -2.07094 1.71271 -1.67243 -1.49337 -0.239926
-0.913193 -2.06473 1.71225 -1.68066 -1.48084 -0.268458
-0.933874 -2.05807 1.71147 -1.68877 -1.46845 -0.296336
-0.95388 -2.05097 1.71038 -1.69677 -1.45622 -0.323572
-0.973221 -2.04345 1.70897 -1.70465 -1.44415 -0.350181
