0.560076 0.745686 -0.360926 -0.179371
0.82682 -0.475903 0.299807 0.290831
0.051796 -0.466336 -0.88309 0.432876
0 0 0 1
0.567958 0.741918 -0.356346 -0.181577
0.821599 -0.485292 0.299109 0.289922
0.0489825 -0.462655 -0.885184 0.433047
0 0 0 1
0.575793 0.738052 -0.351768 -0.183784
0.816288 -0.494628 0.298357 0.289014
0.0462087 -0.458936 -0.887267 0.433218
0 0 0 1
0.583583 0.73409 -0.347194 -0.18599
0.810889 -0.503907 0.29755 0.288106
0.0434751 -0.455181 -0.889337 0.433389
0 0 0 1
0.591324 0.73003 -0.342624 -0.188196
0.805402 -0.51313 0.29669 0.287197
0.0407819 -0.45139 -0.891394 0.433561
0 0 0 1
0.599018 0.725875 -0.338059 -0.190402
0.799827 -0.522296 0.295776 0.286289
0.0381295 -0.447564 -0.893439 0.433732
0 0 0 1
0.606662 0.721623 -0.333499 -0.192609
0.794166 -0.531402 0.294808 0.285381
0.0355182 -0.443702 -0.89547 0.433903
0 0 0 1
0.614255 0.717276 -0.328945 -0.194815
0.788419 -0.540449 0.293786 0.284473
0.0329482 -0.439806 -0.897488 0.434074
0 0 0 1
0.621798 0.712835 -0.324397 -0.197021
0.782587 -0.549434 0.292711 0.283564
0.03042 -0.435876 -0.899493 0.434246
0 0 0 1
0.629288 0.7083 -0.319856 -0.199228
0.77667 -0.558358 0.291583 0.282656
0.0279338 -0.431912 -0.901483 0.434417
0 0 0 1
0.636726 0.70367 -0.315322 -0.201434
0.770669 -0.567219 0.290401 0.281748
0.0254898 -0.427915 -0.90346 0.434588
0 0 0 1
0.644109 0.698948 -0.310797 -0.20364
0.764585 -0.576015 0.289166 0.280839
0.0230885 -0.423885 -0.905422 0.434759
0 0 0 1
0.651438 0.694133 -0.306279 -0.205846
0.758418 -0.584746 0.287878 0.279931
0.02073 -0.419823 -0.907369 0.434931
0 0 0 1
0.658711 0.689227 -0.301771 -0.208053
0.75217 -0.593411 0.286537 0.279023
0.0184147 -0.415729 -0.909302 0.435102
0 0 0 1
0.665928 0.684229 -0.297273 -0.210259
0.745841 -0.602008 0.285144 0.278114
0.0161429 -0.411603 -0.91122 0.435273
0 0 0 1
0.673087 0.67914 -0.292784 -0.212465
0.739432 -0.610537 0.283698 0.277206
0.0139148 -0.407447 -0.913123 0.435444
0 0 0 1
0.680188 0.673961 -0.288306 -0.214672
0.732944 -0.618997 0.282199 0.276298
0.0117306 -0.403261 -0.91501 0.435616
0 0 0 1
0.68723 0.668692 -0.28384 -0.216878
0.726376 -0.627386 0.280649 0.275389
0.00959066 -0.399045 -0.916881 0.435787
0 0 0 1
0.694212 0.663335 -0.279385 -0.219084
0.719731 -0.635704 0.279047 0.274481
0.00749523 -0.394799 -0.918737 0.435958
0 0 0 1
0.701134 0.657889 -0.274942 -0.22129
0.713009 -0.64395 0.277392 0.273573
0.00544455 -0.390525 -0.920576 0.436129
0 0 0 1
0.707994 0.652356 -0.270512 -0.223497
0.706211 -0.652122 0.275687 0.272665
0.00343886 -0.386223 -0.922399 0.4363
0 0 0 1
0.714791 0.646736 -0.266095 -0.225703
0.699337 -0.66022 0.27393 0.271756
0.00147839 -0.381893 -0.924205 0.436472
0 0 0 1
0.721525 0.641029 -0.261693 -0.227909
0.692388 -0.668243 0.272121 0.270848
-0.00043661 -0.377535 -0.925995 0.436643
0 0 0 1
0.728195 0.635237 -0.257304 -0.230116
0.685366 -0.676189 0.270262 0.26994
-0.00230592 -0.373151 -0.927768 0.436814
0 0 0 1
0.734801 0.62936 -0.252931 -0.232322
0.678271 -0.684059 0.268352 0.269031
-0.00412931 -0.368741 -0.929523 0.436985
0 0 0 1
0.74134 0.623399 -0.248573 -0.234528
0.671103 -0.69185 0.266392 0.268123
-0.00590656 -0.364305 -0.931261 0.437157
0 0 0 1
0.747814 0.617354 -0.24423 -0.236734
0.663865 -0.699562 0.264381 0.267215
-0.00763747 -0.359844 -0.932981 0.437328
0 0 0 1
0.75422 0.611227 -0.239905 -0.238941
0.656556 -0.707194 0.26232 0.266306
-0.00932182 -0.355358 -0.934684 0.437499
0 0 0 1
0.760558 0.605017 -0.235596 -0.241147
0.649177 -0.714745 0.26021 0.265398
-0.0109594 -0.350848 -0.936368 0.43767
0 0 0 1
0.766828 0.598726 -0.231305 -0.243353
0.64173 -0.722214 0.25805 0.26449
-0.0125501 -0.346315 -0.938034 0.437842
0 0 0 1
0.773028 0.592355 -0.227031 -0.24556
0.634215 -0.7296 0.255841 0.263581
-0.0140936 -0.341759 -0.939682 0.438013
0 0 0 1
0.779158 0.585904 -0.222776 -0.247766
0.626633 -0.736903 0.253582 0.262673
-0.0155898 -0.33718 -0.941311 0.438184
0 0 0 1
0.785217 0.579374 -0.218541 -0.249972
0.618986 -0.744122 0.251275 0.261765
-0.0170384 -0.332579 -0.942921 0.438355
0 0 0 1
0.791205 0.572765 -0.214324 -0.252179
0.611273 -0.751255 0.24892 0.260857
-0.0184394 -0.327957 -0.944513 0.438527
0 0 0 1
0.79712 0.566079 -0.210128 -0.254385
0.603496 -0.758302 0.246516 0.259948
-0.0197926 -0.323315 -0.946084 0.438698
0 0 0 1
0.802962 0.559317 -0.205952 -0.256591
0.595657 -0.765262 0.244065 0.25904
-0.0210977 -0.318652 -0.947637 0.438869
0 0 0 1
0.80873 0.552479 -0.201798 -0.258797
0.587754 -0.772134 0.241566 0.258132
-0.0223547 -0.313969 -0.94917 0.43904
0 0 0 1
0.814424 0.545565 -0.197664 -0.261004
0.579791 -0.778917 0.23902 0.257223
-0.0235634 -0.309267 -0.950683 0.439212
0 0 0 1
0.820043 0.538578 -0.193553 -0.26321
0.571767 -0.785611 0.236426 0.256315
-0.0247236 -0.304547 -0.952176 0.439383
0 0 0 1
0.825586 0.531517 -0.189464 -0.265416
0.563684 -0.792215 0.233786 0.255407
-0.0258352 -0.299809 -0.953649 0.439554
0 0 0 1
0.831053 0.524384 -0.185399 -0.267623
0.555543 -0.798727 0.2311 0.254498
-0.0268981 -0.295053 -0.955102 0.439725
0 0 0 1
0.836442 0.517179 -0.181357 -0.269829
0.547344 -0.805148 0.228367 0.25359
-0.0279121 -0.290281 -0.956534 0.439897
0 0 0 1
0.841754 0.509903 -0.177338 -0.272035
0.539088 -0.811476 0.225589 0.252682
-0.0288772 -0.285492 -0.957946 0.440068
0 0 0 1
0.846987 0.502557 -0.173345 -0.274241
0.530777 -0.817711 0.222766 0.251774
-0.0297931 -0.280687 -0.959337 0.440239
0 0 0 1
0.852142 0.495143 -0.169376 -0.276448
0.522412 -0.823851 0.219897 0.250865
-0.0306599 -0.275867 -0.960707 0.44041
0 0 0 1
0.857217 0.48766 -0.165432 -0.278654
0.513993 -0.829897 0.216984 0.249957
-0.0314774 -0.271033 -0.962055 0.440582
0 0 0 1
0.862211 0.48011 -0.161515 -0.28086
0.505522 -0.835847 0.214026 0.249049
-0.0322454 -0.266185 -0.963382 0.440753
0 0 0 1
0.867125 0.472493 -0.157623 -0.283067
0.496999 -0.841701 0.211025 0.24814
-0.032964 -0.261323 -0.964688 0.440924
0 0 0 1
0.871957 0.464811 -0.153759 -0.285273
0.488426 -0.847458 0.207979 0.247232
-0.0336329 -0.256449 -0.965972 0.441095
0 0 0 1
0.876707 0.457065 -0.149922 -0.287479
0.479803 -0.853117 0.204891 0.246324
-0.0342523 -0.251562 -0.967235 0.441267
0 0 0 1
0.881375 0.449254 -0.146112 -0.289685
0.471132 -0.858678 0.201759 0.245415
-0.0348218 -0.246664 -0.968475 0.441438
0 0 0 1
0.88596 0.441382 -0.142331 -0.291892
0.462414 -0.86414 0.198585 0.244507
-0.0353416 -0.241754 -0.969694 0.441609
0 0 0 1
0.89046 0.433447 -0.138578 -0.294098
0.453649 -0.869502 0.195369 0.243599
-0.0358115 -0.236834 -0.97089 0.44178
0 0 0 1
0.894877 0.425452 -0.134854 -0.296304
0.444839 -0.874763 0.192111 0.24269
-0.0362315 -0.231905 -0.972064 0.441952
0 0 0 1
0.899209 0.417397 -0.13116 -0.298511
0.435985 -0.879924 0.188812 0.241782
-0.0366015 -0.226966 -0.973215 0.442123
0 0 0 1
0.903456 0.409283 -0.127496 -0.300717
0.427088 -0.884984 0.185472 0.240874
-0.0369215 -0.222018 -0.974343 0.442294
0 0 0 1
0.907617 0.401111 -0.123862 -0.302923
0.418149 -0.889941 0.182091 0.239966
-0.0371915 -0.217062 -0.975449 0.442465
0 0 0 1
0.911692 0.392882 -0.120259 -0.305129
0.409168 -0.894795 0.17867 0.239057
-0.0374113 -0.212098 -0.976532 0.442637
0 0 0 1
0.91568 0.384597 -0.116688 -0.307336
0.400148 -0.899546 0.175209 0.238149
-0.0375811 -0.207128 -0.977592 0.442808
0 0 0 1
0.91958 0.376257 -0.113148 -0.309542
0.391089 -0.904193 0.171709 0.237241
-0.0377007 -0.202151 -0.978628 0.442979
0 0 0 1
0.923393 0.367864 -0.10964 -0.311748
0.381992 -0.908736 0.16817 0.236332
-0.0377701 -0.197169 -0.979642 0.44315
0 0 0 1
0.927118 0.359417 -0.106165 -0.313955
0.372859 -0.913173 0.164592 0.235424
-0.0377895 -0.192181 -0.980632 0.443321
0 0 0 1
0.930755 0.350919 -0.102722 -0.316161
0.363689 -0.917506 0.160977 0.234516
-0.0377586 -0.187189 -0.981598 0.443493
0 0 0 1
0.934302 0.342369 -0.0993133 -0.318367
0.354486 -0.921732 0.157323 0.233607
-0.0376776 -0.182193 -0.982541 0.443664
0 0 0 1
0.93776 0.33377 -0.0959381 -0.320573
0.345249 -0.925851 0.153633 0.232699
-0.0375465 -0.177193 -0.98346 0.443835
0 0 0 1
0.941128 0.325122 -0.0925971 -0.32278
0.335979 -0.929864 0.149905 0.231791
-0.0373652 -0.172191 -0.984355 0.444006
0 0 0 1
0.944406 0.316426 -0.0892906 -0.324986
0.326679 -0.933769 0.146142 0.230882
-0.0371338 -0.167186 -0.985226 0.444178
0 0 0 1
0.947593 0.307683 -0.0860191 -0.327192
0.317348 -0.937565 0.142342 0.229974
-0.0368523 -0.16218 -0.986073 0.444349
0 0 0 1
0.950689 0.298894 -0.0827829 -0.329399
0.307988 -0.941254 0.138507 0.229066
-0.0365208 -0.157173 -0.986896 0.44452
0 0 0 1
0.953694 0.290061 -0.0795825 -0.331605
0.298601 -0.944833 0.134637 0.228158
-0.0361393 -0.152166 -0.987694 0.444691
0 0 0 1
0.956606 0.281184 -0.0764182 -0.333811
0.289187 -0.948304 0.130733 0.227249
-0.0357078 -0.147159 -0.988468 0.444863
0 0 0 1
0.959427 0.272264 -0.0732905 -0.336017
0.279747 -0.951664 0.126794 0.226341
-0.0352265 -0.142152 -0.989218 0.445034
0 0 0 1
0.962156 0.263303 -0.0701996 -0.338224
0.270283 -0.954915 0.122822 0.225433
-0.0346952 -0.137148 -0.989943 0.445205
0 0 0 1
0.964791 0.254302 -0.0671459 -0.34043
0.260795 -0.958055 0.118817 0.224524
-0.0341142 -0.132145 -0.990643 0.445376
0 0 0 1
0.967334 0.245261 -0.0641299 -0.342636
0.251285 -0.961083 0.114779 0.223616
-0.0334834 -0.127144 -0.991319 0.445548
0 0 0 1
0.969783 0.236182 -0.0611519 -0.344843
0.241755 -0.964001 0.110709 0.222708
-0.0328031 -0.122147 -0.99197 0.445719
0 0 0 1
0.972138 0.227065 -0.0582121 -0.347049
0.232204 -0.966807 0.106607 0.221799
-0.0320731 -0.117154 -0.992596 0.44589
0 0 0 1
0.9744 0.217913 -0.0553111 -0.349255
0.222634 -0.969501 0.102475 0.220891
-0.0312937 -0.112165 -0.993197 0.446061
0 0 0 1
0.976567 0.208725 -0.0524491 -0.351462
0.213047 -0.972083 0.0983111 0.219983
-0.0304649 -0.107181 -0.993773 0.446233
0 0 0 1
0.97864 0.199504 -0.0496265 -0.353668
0.203443 -0.974553 0.0941175 0.219074
-0.0295868 -0.102203 -0.994323 0.446404
0 0 0 1
0.980618 0.19025 -0.0468435 -0.355874
0.193824 -0.976909 0.0898942 0.218166
-0.0286595 -0.0972312 -0.994849 0.446575
0 0 0 1
0.982501 0.180964 -0.0441007 -0.35808
0.184191 -0.979152 0.0856418 0.217258
-0.0276832 -0.092266 -0.995349 0.446746
0 0 0 1
0.984288 0.171647 -0.0413981 -0.360287
0.174545 -0.981282 0.0813607 0.21635
-0.0266579 -0.0873082 -0.995825 0.446918
0 0 0 1
0.985981 0.162301 -0.0387363 -0.362493
0.164887 -0.983298 0.0770515 0.215441
-0.0255838 -0.0823584 -0.996274 0.447089
0 0 0 1
0.987577 0.152927 -0.0361155 -0.364699
0.155218 -0.9852 0.0727146 0.214533
-0.024461 -0.0774171 -0.996699 0.44726
0 0 0 1
0.989078 0.143525 -0.033536 -0.366906
0.145539 -0.986989 0.0683507 0.213625
-0.0232896 -0.072485 -0.997098 0.447431
0 0 0 1
0.990483 0.134097 -0.0309982 -0.369112
0.135853 -0.988662 0.0639601 0.212716
-0.0220698 -0.0675626 -0.997471 0.447603
0 0 0 1
0.991792 0.124645 -0.0285022 -0.371318
0.126158 -0.990222 0.0595435 0.211808
-0.0208017 -0.0626506 -0.997819 0.447774
0 0 0 1
0.993004 0.115168 -0.0260485 -0.373524
0.116458 -0.991666 0.0551014 0.2109
-0.0194855 -0.0577495 -0.998141 0.447945
0 0 0 1
0.99412 0.105668 -0.0236374 -0.375731
0.106753 -0.992995 0.0506342 0.209991
-0.0181214 -0.0528599 -0.998438 0.448116
0 0 0 1
0.99514 0.0961474 -0.021269 -0.377937
0.0970438 -0.99421 0.0461426 0.209083
-0.0167094 -0.0479824 -0.998708 0.448288
0 0 0 1
0.996063 0.086606 -0.0189438 -0.380143
0.0873322 -0.995309 0.0416271 0.208175
-0.0152498 -0.0431176 -0.998954 0.448459
0 0 0 1
0.996888 0.0770452 -0.0166619 -0.38235
0.077619 -0.996293 0.0370882 0.207267
-0.0137427 -0.038266 -0.999173 0.44863
0 0 0 1
0.997617 0.0674662 -0.0144237 -0.384556
0.0679056 -0.997161 0.0325264 0.206358
-0.0121883 -0.0334283 -0.999367 0.448801
0 0 0 1
0.998249 0.0578702 -0.0122294 -0.386762
0.0581931 -0.997914 0.0279423 0.20545
-0.0105869 -0.0286051 -0.999535 0.448973
0 0 0 1
0.998784 0.0482583 -0.0100793 -0.388968
0.0484825 -0.998551 0.0233365 0.204542
-0.00893848 -0.0237968 -0.999677 0.449144
0 0 0 1
0.999222 0.0386316 -0.00797357 -0.391175
0.0387751 -0.999073 0.0187094 0.203633
-0.0072434 -0.019004 -0.999793 0.449315
0 0 0 1
0.999562 0.0289914 -0.00591257 -0.393381
0.0290721 -0.999478 0.0140617 0.202725
-0.00550182 -0.0142275 -0.999884 0.449486
0 0 0 1
0.999805 0.0193387 -0.0038965 -0.395587
0.0193746 -0.999768 0.00939395 0.201817
-0.00371393 -0.00946761 -0.999948 0.449658
0 0 0 1
0.999951 0.00967473 -0.00192561 -0.397794
0.0096837 -0.999942 0.00470662 0.200908
-0.00187996 -0.00472503 -0.999987 0.449829
0 0 0 1
1 6.3459e-07 -1.24751e-07 -0.4
6.3459e-07 -1 3.0918e-07 0.2
-1.24751e-07 -3.0918e-07 -1 0.45
0 0 0 1
1 0 0 -0.4
0 -1 -1.22465e-16 0.2
0 1.22465e-16 -1 0.45
0 0 0 1
1 0 0 -0.3985
0 -1 -1.22465e-16 0.2025
0 1.22465e-16 -1 0.4485
0 0 0 1
1 0 0 -0.397
0 -1 -1.22465e-16 0.205
0 1.22465e-16 -1 0.447
0 0 0 1
1 0 0 -0.3955
0 -1 -1.22465e-16 0.2075
0 1.22465e-16 -1 0.4455
0 0 0 1
1 0 0 -0.394
0 -1 -1.22465e-16 0.21
0 1.22465e-16 -1 0.444
0 0 0 1
1 0 0 -0.3925
0 -1 -1.22465e-16 0.2125
0 1.22465e-16 -1 0.4425
0 0 0 1
1 0 0 -0.391
0 -1 -1.22465e-16 0.215
0 1.22465e-16 -1 0.441
0 0 0 1
1 0 0 -0.3895
0 -1 -1.22465e-16 0.2175
0 1.22465e-16 -1 0.4395
0 0 0 1
1 0 0 -0.388
0 -1 -1.22465e-16 0.22
0 1.22465e-16 -1 0.438
0 0 0 1
1 0 0 -0.3865
0 -1 -1.22465e-16 0.2225
0 1.22465e-16 -1 0.4365
0 0 0 1
1 0 0 -0.385
0 -1 -1.22465e-16 0.225
0 1.22465e-16 -1 0.435
0 0 0 1
1 0 0 -0.3835
0 -1 -1.22465e-16 0.2275
0 1.22465e-16 -1 0.4335
0 0 0 1
1 0 0 -0.382
0 -1 -1.22465e-16 0.23
0 1.22465e-16 -1 0.432
0 0 0 1
1 0 0 -0.3805
0 -1 -1.22465e-16 0.2325
0 1.22465e-16 -1 0.4305
0 0 0 1
1 0 0 -0.379
0 -1 -1.22465e-16 0.235
0 1.22465e-16 -1 0.429
0 0 0 1
1 0 0 -0.3775
0 -1 -1.22465e-16 0.2375
0 1.22465e-16 -1 0.4275
0 0 0 1
1 0 0 -0.376
0 -1 -1.22465e-16 0.24
0 1.22465e-16 -1 0.426
0 0 0 1
1 0 0 -0.3745
0 -1 -1.22465e-16 0.2425
0 1.22465e-16 -1 0.4245
0 0 0 1
1 0 0 -0.373
0 -1 -1.22465e-16 0.245
0 1.22465e-16 -1 0.423
0 0 0 1
1 0 0 -0.3715
0 -1 -1.22465e-16 0.2475
0 1.22465e-16 -1 0.4215
0 0 0 1
1 0 0 -0.37
0 -1 -1.22465e-16 0.25
0 1.22465e-16 -1 0.42
0 0 0 1
1 0 0 -0.3685
0 -1 -1.22465e-16 0.2525
0 1.22465e-16 -1 0.4185
0 0 0 1
1 0 0 -0.367
0 -1 -1.22465e-16 0.255
0 1.22465e-16 -1 0.417
0 0 0 1
1 0 0 -0.3655
0 -1 -1.22465e-16 0.2575
0 1.22465e-16 -1 0.4155
0 0 0 1
1 0 0 -0.364
0 -1 -1.22465e-16 0.26
0 1.22465e-16 -1 0.414
0 0 0 1
1 0 0 -0.3625
0 -1 -1.22465e-16 0.2625
0 1.22465e-16 -1 0.4125
0 0 0 1
1 0 0 -0.361
0 -1 -1.22465e-16 0.265
0 1.22465e-16 -1 0.411
0 0 0 1
1 0 0 -0.3595
0 -1 -1.22465e-16 0.2675
0 1.22465e-16 -1 0.4095
0 0 0 1
1 0 0 -0.358
0 -1 -1.22465e-16 0.27
0 1.22465e-16 -1 0.408
0 0 0 1
1 0 0 -0.3565
0 -1 -1.22465e-16 0.2725
0 1.22465e-16 -1 0.4065
0 0 0 1
1 0 0 -0.355
0 -1 -1.22465e-16 0.275
0 1.22465e-16 -1 0.405
0 0 0 1
1 0 0 -0.3535
0 -1 -1.22465e-16 0.2775
0 1.22465e-16 -1 0.4035
0 0 0 1
1 0 0 -0.352
0 -1 -1.22465e-16 0.28
0 1.22465e-16 -1 0.402
0 0 0 1
1 0 0 -0.3505
0 -1 -1.22465e-16 0.2825
0 1.22465e-16 -1 0.4005
0 0 0 1
1 0 0 -0.349
0 -1 -1.22465e-16 0.285
0 1.22465e-16 -1 0.399
0 0 0 1
1 0 0 -0.3475
0 -1 -1.22465e-16 0.2875
0 1.22465e-16 -1 0.3975
0 0 0 1
1 0 0 -0.346
0 -1 -1.22465e-16 0.29
0 1.22465e-16 -1 0.396
0 0 0 1
1 0 0 -0.3445
0 -1 -1.22465e-16 0.2925
0 1.22465e-16 -1 0.3945
0 0 0 1
1 0 0 -0.343
0 -1 -1.22465e-16 0.295
0 1.22465e-16 -1 0.393
0 0 0 1
1 0 0 -0.3415
0 -1 -1.22465e-16 0.2975
0 1.22465e-16 -1 0.3915
0 0 0 1
1 0 0 -0.34
0 -1 -1.22465e-16 0.3
0 1.22465e-16 -1 0.39
0 0 0 1
1 0 0 -0.3385
0 -1 -1.22465e-16 0.3025
0 1.22465e-16 -1 0.3885
0 0 0 1
1 0 0 -0.337
0 -1 -1.22465e-16 0.305
0 1.22465e-16 -1 0.387
0 0 0 1
1 0 0 -0.3355
0 -1 -1.22465e-16 0.3075
0 1.22465e-16 -1 0.3855
0 0 0 1
1 0 0 -0.334
0 -1 -1.22465e-16 0.31
0 1.22465e-16 -1 0.384
0 0 0 1
1 0 0 -0.3325
0 -1 -1.22465e-16 0.3125
0 1.22465e-16 -1 0.3825
0 0 0 1
1 0 0 -0.331
0 -1 -1.22465e-16 0.315
0 1.22465e-16 -1 0.381
0 0 0 1
1 0 0 -0.3295
0 -1 -1.22465e-16 0.3175
0 1.22465e-16 -1 0.3795
0 0 0 1
1 0 0 -0.328
0 -1 -1.22465e-16 0.32
0 1.22465e-16 -1 0.378
0 0 0 1
1 0 0 -0.3265
0 -1 -1.22465e-16 0.3225
0 1.22465e-16 -1 0.3765
0 0 0 1
1 0 0 -0.325
0 -1 -1.22465e-16 0.325
0 1.22465e-16 -1 0.375
0 0 0 1
1 0 0 -0.3235
0 -1 -1.22465e-16 0.3275
0 1.22465e-16 -1 0.3735
0 0 0 1
1 0 0 -0.322
0 -1 -1.22465e-16 0.33
0 1.22465e-16 -1 0.372
0 0 0 1
1 0 0 -0.3205
0 -1 -1.22465e-16 0.3325
0 1.22465e-16 -1 0.3705
0 0 0 1
1 0 0 -0.319
0 -1 -1.22465e-16 0.335
0 1.22465e-16 -1 0.369
0 0 0 1
1 0 0 -0.3175
0 -1 -1.22465e-16 0.3375
0 1.22465e-16 -1 0.3675
0 0 0 1
1 0 0 -0.316
0 -1 -1.22465e-16 0.34
0 1.22465e-16 -1 0.366
0 0 0 1
1 0 0 -0.3145
0 -1 -1.22465e-16 0.3425
0 1.22465e-16 -1 0.3645
0 0 0 1
1 0 0 -0.313
0 -1 -1.22465e-16 0.345
0 1.22465e-16 -1 0.363
0 0 0 1
1 0 0 -0.3115
0 -1 -1.22465e-16 0.3475
0 1.22465e-16 -1 0.3615
0 0 0 1
1 0 0 -0.31
0 -1 -1.22465e-16 0.35
0 1.22465e-16 -1 0.36
0 0 0 1
1 0 0 -0.3085
0 -1 -1.22465e-16 0.3525
0 1.22465e-16 -1 0.3585
0 0 0 1
1 0 0 -0.307
0 -1 -1.22465e-16 0.355
0 1.22465e-16 -1 0.357
0 0 0 1
1 0 0 -0.3055
0 -1 -1.22465e-16 0.3575
0 1.22465e-16 -1 0.3555
0 0 0 1
1 0 0 -0.304
0 -1 -1.22465e-16 0.36
0 1.22465e-16 -1 0.354
0 0 0 1
1 0 0 -0.3025
0 -1 -1.22465e-16 0.3625
0 1.22465e-16 -1 0.3525
0 0 0 1
1 0 0 -0.301
0 -1 -1.22465e-16 0.365
0 1.22465e-16 -1 0.351
0 0 0 1
1 0 0 -0.2995
0 -1 -1.22465e-16 0.3675
0 1.22465e-16 -1 0.3495
0 0 0 1
1 0 0 -0.298
0 -1 -1.22465e-16 0.37
0 1.22465e-16 -1 0.348
0 0 0 1
1 0 0 -0.2965
0 -1 -1.22465e-16 0.3725
0 1.22465e-16 -1 0.3465
0 0 0 1
1 0 0 -0.295
0 -1 -1.22465e-16 0.375
0 1.22465e-16 -1 0.345
0 0 0 1
1 0 0 -0.2935
0 -1 -1.22465e-16 0.3775
0 1.22465e-16 -1 0.3435
0 0 0 1
1 0 0 -0.292
0 -1 -1.22465e-16 0.38
0 1.22465e-16 -1 0.342
0 0 0 1
1 0 0 -0.2905
0 -1 -1.22465e-16 0.3825
0 1.22465e-16 -1 0.3405
0 0 0 1
1 0 0 -0.289
0 -1 -1.22465e-16 0.385
0 1.22465e-16 -1 0.339
0 0 0 1
1 0 0 -0.2875
0 -1 -1.22465e-16 0.3875
0 1.22465e-16 -1 0.3375
0 0 0 1
1 0 0 -0.286
0 -1 -1.22465e-16 0.39
0 1.22465e-16 -1 0.336
0 0 0 1
1 0 0 -0.2845
0 -1 -1.22465e-16 0.3925
0 1.22465e-16 -1 0.3345
0 0 0 1
1 0 0 -0.283
0 -1 -1.22465e-16 0.395
0 1.22465e-16 -1 0.333
0 0 0 1
1 0 0 -0.2815
0 -1 -1.22465e-16 0.3975
0 1.22465e-16 -1 0.3315
0 0 0 1
1 0 0 -0.28
0 -1 -1.22465e-16 0.4
0 1.22465e-16 -1 0.33
0 0 0 1
1 0 0 -0.2785
0 -1 -1.22465e-16 0.4025
0 1.22465e-16 -1 0.3285
0 0 0 1
1 0 0 -0.277
0 -1 -1.22465e-16 0.405
0 1.22465e-16 -1 0.327
0 0 0 1
1 0 0 -0.2755
0 -1 -1.22465e-16 0.4075
0 1.22465e-16 -1 0.3255
0 0 0 1
1 0 0 -0.274
0 -1 -1.22465e-16 0.41
0 1.22465e-16 -1 0.324
0 0 0 1
1 0 0 -0.2725
0 -1 -1.22465e-16 0.4125
0 1.22465e-16 -1 0.3225
0 0 0 1
1 0 0 -0.271
0 -1 -1.22465e-16 0.415
0 1.22465e-16 -1 0.321
0 0 0 1
1 0 0 -0.2695
0 -1 -1.22465e-16 0.4175
0 1.22465e-16 -1 0.3195
0 0 0 1
1 0 0 -0.268
0 -1 -1.22465e-16 0.42
0 1.22465e-16 -1 0.318
0 0 0 1
1 0 0 -0.2665
0 -1 -1.22465e-16 0.4225
0 1.22465e-16 -1 0.3165
0 0 0 1
1 0 0 -0.265
0 -1 -1.22465e-16 0.425
0 1.22465e-16 -1 0.315
0 0 0 1
1 0 0 -0.2635
0 -1 -1.22465e-16 0.4275
0 1.22465e-16 -1 0.3135
0 0 0 1
1 0 0 -0.262
0 -1 -1.22465e-16 0.43
0 1.22465e-16 -1 0.312
0 0 0 1
1 0 0 -0.2605
0 -1 -1.22465e-16 0.4325
0 1.22465e-16 -1 0.3105
0 0 0 1
1 0 0 -0.259
0 -1 -1.22465e-16 0.435
0 1.22465e-16 -1 0.309
0 0 0 1
1 0 0 -0.2575
0 -1 -1.22465e-16 0.4375
0 1.22465e-16 -1 0.3075
0 0 0 1
1 0 0 -0.256
0 -1 -1.22465e-16 0.44
0 1.22465e-16 -1 0.306
0 0 0 1
1 0 0 -0.2545
0 -1 -1.22465e-16 0.4425
0 1.22465e-16 -1 0.3045
0 0 0 1
1 0 0 -0.253
0 -1 -1.22465e-16 0.445
0 1.22465e-16 -1 0.303
0 0 0 1
1 0 0 -0.2515
0 -1 -1.22465e-16 0.4475
0 1.22465e-16 -1 0.3015
0 0 0 1
1 0 0 -0.25
0 -1 -1.22465e-16 0.45
0 1.22465e-16 -1 0.3
0 0 0 1
1 0 0 -0.25
0 -1 -1.22465e-16 0.45
0 1.22465e-16 -1 0.3
0 0 0 1
1 0 0 -0.25
0 -1 -1.22465e-16 0.45
0 1.22465e-16 -1 0.2975
0 0 0 1
1 0 0 -0.25
0 -1 -1.22465e-16 0.45
0 1.22465e-16 -1 0.295
0 0 0 1
1 0 0 -0.25
0 -1 -1.22465e-16 0.45
0 1.22465e-16 -1 0.2925
0 0 0 1
1 0 0 -0.25
0 -1 -1.22465e-16 0.45
0 1.22465e-16 -1 0.29
0 0 0 1
1 0 0 -0.25
0 -1 -1.22465e-16 0.45
0 1.22465e-16 -1 0.2875
0 0 0 1
1 0 0 -0.25
0 -1 -1.22465e-16 0.45
0 1.22465e-16 -1 0.285
0 0 0 1
1 0 0 -0.25
0 -1 -1.22465e-16 0.45
0 1.22465e-16 -1 0.2825
0 0 0 1
1 0 0 -0.25
0 -1 -1.22465e-16 0.45
0 1.22465e-16 -1 0.28
0 0 0 1
1 0 0 -0.25
0 -1 -1.22465e-16 0.45
0 1.22465e-16 -1 0.2775
0 0 0 1
1 0 0 -0.25
0 -1 -1.22465e-16 0.45
0 1.22465e-16 -1 0.275
0 0 0 1
1 0 0 -0.25
0 -1 -1.22465e-16 0.45
0 1.22465e-16 -1 0.2725
0 0 0 1
1 0 0 -0.25
0 -1 -1.22465e-16 0.45
0 1.22465e-16 -1 0.27
0 0 0 1
1 0 0 -0.25
0 -1 -1.22465e-16 0.45
0 1.22465e-16 -1 0.2675
0 0 0 1
1 0 0 -0.25
0 -1 -1.22465e-16 0.45
0 1.22465e-16 -1 0.265
0 0 0 1
1 0 0 -0.25
0 -1 -1.22465e-16 0.45
0 1.22465e-16 -1 0.2625
0 0 0 1
1 0 0 -0.25
0 -1 -1.22465e-16 0.45
0 1.22465e-16 -1 0.26
0 0 0 1
1 0 0 -0.25
0 -1 -1.22465e-16 0.45
0 1.22465e-16 -1 0.2575
0 0 0 1
1 0 0 -0.25
0 -1 -1.22465e-16 0.45
0 1.22465e-16 -1 0.255
0 0 0 1
1 0 0 -0.25
0 -1 -1.22465e-16 0.45
0 1.22465e-16 -1 0.2525
0 0 0 1
1 0 0 -0.25
0 -1 -1.22465e-16 0.45
0 1.22465e-16 -1 0.25
0 0 0 1
1 0 0 -0.25
0 -1 -1.22465e-16 0.45
0 1.22465e-16 -1 0.2475
0 0 0 1
1 0 0 -0.25
0 -1 -1.22465e-16 0.45
0 1.22465e-16 -1 0.245
0 0 0 1
1 0 0 -0.25
0 -1 -1.22465e-16 0.45
0 1.22465e-16 -1 0.2425
0 0 0 1
1 0 0 -0.25
0 -1 -1.22465e-16 0.45
0 1.22465e-16 -1 0.24
0 0 0 1
1 0 0 -0.25
0 -1 -1.22465e-16 0.45
0 1.22465e-16 -1 0.2375
0 0 0 1
1 0 0 -0.25
0 -1 -1.22465e-16 0.45
0 1.22465e-16 -1 0.235
0 0 0 1
1 0 0 -0.25
0 -1 -1.22465e-16 0.45
0 1.22465e-16 -1 0.2325
0 0 0 1
1 0 0 -0.25
0 -1 -1.22465e-16 0.45
0 1.22465e-16 -1 0.23
0 0 0 1
1 0 0 -0.25
0 -1 -1.22465e-16 0.45
0 1.22465e-16 -1 0.2275
0 0 0 1
1 0 0 -0.25
0 -1 -1.22465e-16 0.45
0 1.22465e-16 -1 0.225
0 0 0 1
1 0 0 -0.25
0 -1 -1.22465e-16 0.45
0 1.22465e-16 -1 0.2225
0 0 0 1
1 0 0 -0.25
0 -1 -1.22465e-16 0.45
0 1.22465e-16 -1 0.22
0 0 0 1
1 0 0 -0.25
0 -1 -1.22465e-16 0.45
0 1.22465e-16 -1 0.2175
0 0 0 1
1 0 0 -0.25
0 -1 -1.22465e-16 0.45
0 1.22465e-16 -1 0.215
0 0 0 1
1 0 0 -0.25
0 -1 -1.22465e-16 0.45
0 1.22465e-16 -1 0.2125
0 0 0 1
1 0 0 -0.25
0 -1 -1.22465e-16 0.45
0 1.22465e-16 -1 0.21
0 0 0 1
1 0 0 -0.25
0 -1 -1.22465e-16 0.45
0 1.22465e-16 -1 0.2075
0 0 0 1
1 0 0 -0.25
0 -1 -1.22465e-16 0.45
0 1.22465e-16 -1 0.205
0 0 0 1
1 0 0 -0.25
0 -1 -1.22465e-16 0.45
0 1.22465e-16 -1 0.2025
0 0 0 1
1 0 0 -0.25
0 -1 -1.22465e-16 0.45
0 1.22465e-16 -1 0.2
0 0 0 1
1 0 0 -0.25
0 -1 -1.22465e-16 0.45
0 1.22465e-16 -1 0.1975
0 0 0 1
1 0 0 -0.25
0 -1 -1.22465e-16 0.45
0 1.22465e-16 -1 0.195
0 0 0 1
1 0 0 -0.25
0 -1 -1.22465e-16 0.45
0 1.22465e-16 -1 0.1925
0 0 0 1
1 0 0 -0.25
0 -1 -1.22465e-16 0.45
0 1.22465e-16 -1 0.19
0 0 0 1
1 0 0 -0.25
0 -1 -1.22465e-16 0.45
0 1.22465e-16 -1 0.1875
0 0 0 1
1 0 0 -0.25
0 -1 -1.22465e-16 0.45
0 1.22465e-16 -1 0.185
0 0 0 1
1 0 0 -0.25
0 -1 -1.22465e-16 0.45
0 1.22465e-16 -1 0.1825
0 0 0 1
1 0 0 -0.25
0 -1 -1.22465e-16 0.45
0 1.22465e-16 -1 0.18
0 0 0 1
1 0 0 -0.25
0 -1 -1.22465e-16 0.45
0 1.22465e-16 -1 0.1775
0 0 0 1
1 0 0 -0.25
0 -1 -1.22465e-16 0.45
0 1.22465e-16 -1 0.175
0 0 0 1
1 0 0 -0.25
0 -1 -1.22465e-16 0.45
0 1.22465e-16 -1 0.1725
0 0 0 1
1 0 0 -0.25
0 -1 -1.22465e-16 0.45
0 1.22465e-16 -1 0.17
0 0 0 1
1 0 0 -0.25
0 -1 -1.22465e-16 0.45
0 1.22465e-16 -1 0.1675
0 0 0 1
1 0 0 -0.25
0 -1 -1.22465e-16 0.45
0 1.22465e-16 -1 0.165
0 0 0 1
1 0 0 -0.25
0 -1 -1.22465e-16 0.45
0 1.22465e-16 -1 0.1625
0 0 0 1
1 0 0 -0.25
0 -1 -1.22465e-16 0.45
0 1.22465e-16 -1 0.16
0 0 0 1
1 0 0 -0.25
0 -1 -1.22465e-16 0.45
0 1.22465e-16 -1 0.1575
0 0 0 1
1 0 0 -0.25
0 -1 -1.22465e-16 0.45
0 1.22465e-16 -1 0.155
0 0 0 1
1 0 0 -0.25
0 -1 -1.22465e-16 0.45
0 1.22465e-16 -1 0.1525
0 0 0 1
1 0 0 -0.25
0 -1 -1.22465e-16 0.45
0 1.22465e-16 -1 0.15
0 0 0 1
1 0 0 -0.25
0 -1 -1.22465e-16 0.45
0 1.22465e-16 -1 0.1475
0 0 0 1
1 0 0 -0.25
0 -1 -1.22465e-16 0.45
0 1.22465e-16 -1 0.145
0 0 0 1
1 0 0 -0.25
0 -1 -1.22465e-16 0.45
0 1.22465e-16 -1 0.1425
0 0 0 1
1 0 0 -0.25
0 -1 -1.22465e-16 0.45
0 1.22465e-16 -1 0.14
0 0 0 1
1 0 0 -0.25
0 -1 -1.22465e-16 0.45
0 1.22465e-16 -1 0.1375
0 0 0 1
1 0 0 -0.25
0 -1 -1.22465e-16 0.45
0 1.22465e-16 -1 0.135
0 0 0 1
1 0 0 -0.25
0 -1 -1.22465e-16 0.45
0 1.22465e-16 -1 0.1325
0 0 0 1
1 0 0 -0.25
0 -1 -1.22465e-16 0.45
0 1.22465e-16 -1 0.13
0 0 0 1
1 0 0 -0.25
0 -1 -1.22465e-16 0.45
0 1.22465e-16 -1 0.1275
0 0 0 1
1 0 0 -0.25
0 -1 -1.22465e-16 0.45
0 1.22465e-16 -1 0.125
0 0 0 1
1 0 0 -0.25
0 -1 -1.22465e-16 0.45
0 1.22465e-16 -1 0.1225
0 0 0 1
1 0 0 -0.25
0 -1 -1.22465e-16 0.45
0 1.22465e-16 -1 0.12
0 0 0 1
1 0 0 -0.25
0 -1 -1.22465e-16 0.45
0 1.22465e-16 -1 0.1175
0 0 0 1
1 0 0 -0.25
0 -1 -1.22465e-16 0.45
0 1.22465e-16 -1 0.115
0 0 0 1
1 0 0 -0.25
0 -1 -1.22465e-16 0.45
0 1.22465e-16 -1 0.1125
0 0 0 1
1 0 0 -0.25
0 -1 -1.22465e-16 0.45
0 1.22465e-16 -1 0.11
0 0 0 1
1 0 0 -0.25
0 -1 -1.22465e-16 0.45
0 1.22465e-16 -1 0.1075
0 0 0 1
1 0 0 -0.25
0 -1 -1.22465e-16 0.45
0 1.22465e-16 -1 0.105
0 0 0 1
1 0 0 -0.25
0 -1 -1.22465e-16 0.45
0 1.22465e-16 -1 0.1025
0 0 0 1
1 0 0 -0.25
0 -1 -1.22465e-16 0.45
0 1.22465e-16 -1 0.1
0 0 0 1
1 0 0 -0.25
0 -1 -1.22465e-16 0.45
0 1.22465e-16 -1 0.0975002
0 0 0 1
1 0 0 -0.25
0 -1 -1.22465e-16 0.45
0 1.22465e-16 -1 0.0950002
0 0 0 1
1 0 0 -0.25
0 -1 -1.22465e-16 0.45
0 1.22465e-16 -1 0.0925002
0 0 0 1
1 0 0 -0.25
0 -1 -1.22465e-16 0.45
0 1.22465e-16 -1 0.0900002
0 0 0 1
1 0 0 -0.25
0 -1 -1.22465e-16 0.45
0 1.22465e-16 -1 0.0875002
0 0 0 1
1 0 0 -0.25
0 -1 -1.22465e-16 0.45
0 1.22465e-16 -1 0.0850002
0 0 0 1
1 0 0 -0.25
0 -1 -1.22465e-16 0.45
0 1.22465e-16 -1 0.0825002
0 0 0 1
1 0 0 -0.25
0 -1 -1.22465e-16 0.45
0 1.22465e-16 -1 0.0800002
0 0 0 1
1 0 0 -0.25
0 -1 -1.22465e-16 0.45
0 1.22465e-16 -1 0.0775002
0 0 0 1
1 0 0 -0.25
0 -1 -1.22465e-16 0.45
0 1.22465e-16 -1 0.0750002
0 0 0 1
1 0 0 -0.25
0 -1 -1.22465e-16 0.45
0 1.22465e-16 -1 0.0725002
0 0 0 1
1 0 0 -0.25
0 -1 -1.22465e-16 0.45
0 1.22465e-16 -1 0.0700002
0 0 0 1
1 0 0 -0.25
0 -1 -1.22465e-16 0.45
0 1.22465e-16 -1 0.0675002
0 0 0 1
1 0 0 -0.25
0 -1 -1.22465e-16 0.45
0 1.22465e-16 -1 0.0650002
0 0 0 1
1 0 0 -0.25
0 -1 -1.22465e-16 0.45
0 1.22465e-16 -1 0.0625002
0 0 0 1
1 0 0 -0.25
0 -1 -1.22465e-16 0.45
0 1.22465e-16 -1 0.0600002
0 0 0 1
1 0 0 -0.25
0 -1 -1.22465e-16 0.45
0 1.22465e-16 -1 0.0575002
0 0 0 1
1 0 0 -0.25
0 -1 -1.22465e-16 0.45
0 1.22465e-16 -1 0.0550002
0 0 0 1
1 0 0 -0.25
0 -1 -1.22465e-16 0.45
0 1.22465e-16 -1 0.0525002
0 0 0 1
1 0 0 -0.25
0 -1 -1.22465e-16 0.45
0 1.22465e-16 -1 0.0500002
0 0 0 1
1 0 0 -0.25
0 -1 -1.22465e-16 0.45
0 1.22465e-16 -1 0.05
0 0 0 1
1 0 0 -0.25
0 -1 -1.22465e-16 0.45
0 1.22465e-16 -1 0.0525
0 0 0 1
1 0 0 -0.25
0 -1 -1.22465e-16 0.45
0 1.22465e-16 -1 0.055
0 0 0 1
1 0 0 -0.25
0 -1 -1.22465e-16 0.45
0 1.22465e-16 -1 0.0575
0 0 0 1
1 0 0 -0.25
0 -1 -1.22465e-16 0.45
0 1.22465e-16 -1 0.06
0 0 0 1
1 0 0 -0.25
0 -1 -1.22465e-16 0.45
0 1.22465e-16 -1 0.0625
0 0 0 1
1 0 0 -0.25
0 -1 -1.22465e-16 0.45
0 1.22465e-16 -1 0.065
0 0 0 1
1 0 0 -0.25
0 -1 -1.22465e-16 0.45
0 1.22465e-16 -1 0.0675
0 0 0 1
1 0 0 -0.25
0 -1 -1.22465e-16 0.45
0 1.22465e-16 -1 0.07
0 0 0 1
1 0 0 -0.25
0 -1 -1.22465e-16 0.45
0 1.22465e-16 -1 0.0725
0 0 0 1
1 0 0 -0.25
0 -1 -1.22465e-16 0.45
0 1.22465e-16 -1 0.075
0 0 0 1
1 0 0 -0.25
0 -1 -1.22465e-16 0.45
0 1.22465e-16 -1 0.0775
0 0 0 1
1 0 0 -0.25
0 -1 -1.22465e-16 0.45
0 1.22465e-16 -1 0.08
0 0 0 1
1 0 0 -0.25
0 -1 -1.22465e-16 0.45
0 1.22465e-16 -1 0.0825
0 0 0 1
1 0 0 -0.25
0 -1 -1.22465e-16 0.45
0 1.22465e-16 -1 0.085
0 0 0 1
1 0 0 -0.25
0 -1 -1.22465e-16 0.45
0 1.22465e-16 -1 0.0875
0 0 0 1
1 0 0 -0.25
0 -1 -1.22465e-16 0.45
0 1.22465e-16 -1 0.09
0 0 0 1
1 0 0 -0.25
0 -1 -1.22465e-16 0.45
0 1.22465e-16 -1 0.0925
0 0 0 1
1 0 0 -0.25
0 -1 -1.22465e-16 0.45
0 1.22465e-16 -1 0.095
0 0 0 1
1 0 0 -0.25
0 -1 -1.22465e-16 0.45
0 1.22465e-16 -1 0.0975
0 0 0 1
1 0 0 -0.25
0 -1 -1.22465e-16 0.45
0 1.22465e-16 -1 0.1
0 0 0 1
1 0 0 -0.25
0 -1 -1.22465e-16 0.45
0 1.22465e-16 -1 0.1025
0 0 0 1
1 0 0 -0.25
0 -1 -1.22465e-16 0.45
0 1.22465e-16 -1 0.105
0 0 0 1
1 0 0 -0.25
0 -1 -1.22465e-16 0.45
0 1.22465e-16 -1 0.1075
0 0 0 1
1 0 0 -0.25
0 -1 -1.22465e-16 0.45
0 1.22465e-16 -1 0.11
0 0 0 1
1 0 0 -0.25
0 -1 -1.22465e-16 0.45
0 1.22465e-16 -1 0.1125
0 0 0 1
1 0 0 -0.25
0 -1 -1.22465e-16 0.45
0 1.22465e-16 -1 0.115
0 0 0 1
1 0 0 -0.25
0 -1 -1.22465e-16 0.45
0 1.22465e-16 -1 0.1175
0 0 0 1
1 0 0 -0.25
0 -1 -1.22465e-16 0.45
0 1.22465e-16 -1 0.12
0 0 0 1
1 0 0 -0.25
0 -1 -1.22465e-16 0.45
0 1.22465e-16 -1 0.1225
0 0 0 1
1 0 0 -0.25
0 -1 -1.22465e-16 0.45
0 1.22465e-16 -1 0.125
0 0 0 1
1 0 0 -0.25
0 -1 -1.22465e-16 0.45
0 1.22465e-16 -1 0.1275
0 0 0 1
1 0 0 -0.25
0 -1 -1.22465e-16 0.45
0 1.22465e-16 -1 0.13
0 0 0 1
1 0 0 -0.25
0 -1 -1.22465e-16 0.45
0 1.22465e-16 -1 0.1325
0 0 0 1
1 0 0 -0.25
0 -1 -1.22465e-16 0.45
0 1.22465e-16 -1 0.135
0 0 0 1
1 0 0 -0.25
0 -1 -1.22465e-16 0.45
0 1.22465e-16 -1 0.1375
0 0 0 1
1 0 0 -0.25
0 -1 -1.22465e-16 0.45
0 1.22465e-16 -1 0.14
0 0 0 1
1 0 0 -0.25
0 -1 -1.22465e-16 0.45
0 1.22465e-16 -1 0.1425
0 0 0 1
1 0 0 -0.25
0 -1 -1.22465e-16 0.45
0 1.22465e-16 -1 0.145
0 0 0 1
1 0 0 -0.25
0 -1 -1.22465e-16 0.45
0 1.22465e-16 -1 0.1475
0 0 0 1
1 0 0 -0.25
0 -1 -1.22465e-16 0.45
0 1.22465e-16 -1 0.15
0 0 0 1
1 0 0 -0.25
0 -1 -1.22465e-16 0.45
0 1.22465e-16 -1 0.1525
0 0 0 1
1 0 0 -0.25
0 -1 -1.22465e-16 0.45
0 1.22465e-16 -1 0.155
0 0 0 1
1 0 0 -0.25
0 -1 -1.22465e-16 0.45
0 1.22465e-16 -1 0.1575
0 0 0 1
1 0 0 -0.25
0 -1 -1.22465e-16 0.45
0 1.22465e-16 -1 0.16
0 0 0 1
1 0 0 -0.25
0 -1 -1.22465e-16 0.45
0 1.22465e-16 -1 0.1625
0 0 0 1
1 0 0 -0.25
0 -1 -1.22465e-16 0.45
0 1.22465e-16 -1 0.165
0 0 0 1
1 0 0 -0.25
0 -1 -1.22465e-16 0.45
0 1.22465e-16 -1 0.1675
0 0 0 1
1 0 0 -0.25
0 -1 -1.22465e-16 0.45
0 1.22465e-16 -1 0.17
0 0 0 1
1 0 0 -0.25
0 -1 -1.22465e-16 0.45
0 1.22465e-16 -1 0.1725
0 0 0 1
1 0 0 -0.25
0 -1 -1.22465e-16 0.45
0 1.22465e-16 -1 0.175
0 0 0 1
1 0 0 -0.25
0 -1 -1.22465e-16 0.45
0 1.22465e-16 -1 0.1775
0 0 0 1
1 0 0 -0.25
0 -1 -1.22465e-16 0.45
0 1.22465e-16 -1 0.18
0 0 0 1
1 0 0 -0.25
0 -1 -1.22465e-16 0.45
0 1.22465e-16 -1 0.1825
0 0 0 1
1 0 0 -0.25
0 -1 -1.22465e-16 0.45
0 1.22465e-16 -1 0.185
0 0 0 1
1 0 0 -0.25
0 -1 -1.22465e-16 0.45
0 1.22465e-16 -1 0.1875
0 0 0 1
1 0 0 -0.25
0 -1 -1.22465e-16 0.45
0 1.22465e-16 -1 0.19
0 0 0 1
1 0 0 -0.25
0 -1 -1.22465e-16 0.45
0 1.22465e-16 -1 0.1925
0 0 0 1
1 0 0 -0.25
0 -1 -1.22465e-16 0.45
0 1.22465e-16 -1 0.195
0 0 0 1
1 0 0 -0.25
0 -1 -1.22465e-16 0.45
0 1.22465e-16 -1 0.1975
0 0 0 1
1 0 0 -0.25
0 -1 -1.22465e-16 0.45
0 1.22465e-16 -1 0.2
0 0 0 1
1 0 0 -0.25
0 -1 -1.22465e-16 0.45
0 1.22465e-16 -1 0.2025
0 0 0 1
1 0 0 -0.25
0 -1 -1.22465e-16 0.45
0 1.22465e-16 -1 0.205
0 0 0 1
1 0 0 -0.25
0 -1 -1.22465e-16 0.45
0 1.22465e-16 -1 0.2075
0 0 0 1
1 0 0 -0.25
0 -1 -1.22465e-16 0.45
0 1.22465e-16 -1 0.21
0 0 0 1
1 0 0 -0.25
0 -1 -1.22465e-16 0.45
0 1.22465e-16 -1 0.2125
0 0 0 1
1 0 0 -0.25
0 -1 -1.22465e-16 0.45
0 1.22465e-16 -1 0.215
0 0 0 1
1 0 0 -0.25
0 -1 -1.22465e-16 0.45
0 1.22465e-16 -1 0.2175
0 0 0 1
1 0 0 -0.25
0 -1 -1.22465e-16 0.45
0 1.22465e-16 -1 0.22
0 0 0 1
1 0 0 -0.25
0 -1 -1.22465e-16 0.45
0 1.22465e-16 -1 0.2225
0 0 0 1
1 0 0 -0.25
0 -1 -1.22465e-16 0.45
0 1.22465e-16 -1 0.225
0 0 0 1
1 0 0 -0.25
0 -1 -1.22465e-16 0.45
0 1.22465e-16 -1 0.2275
0 0 0 1
1 0 0 -0.25
0 -1 -1.22465e-16 0.45
0 1.22465e-16 -1 0.23
0 0 0 1
1 0 0 -0.25
0 -1 -1.22465e-16 0.45
0 1.22465e-16 -1 0.2325
0 0 0 1
1 0 0 -0.25
0 -1 -1.22465e-16 0.45
0 1.22465e-16 -1 0.235
0 0 0 1
1 0 0 -0.25
0 -1 -1.22465e-16 0.45
0 1.22465e-16 -1 0.2375
0 0 0 1
1 0 0 -0.25
0 -1 -1.22465e-16 0.45
0 1.22465e-16 -1 0.24
0 0 0 1
1 0 0 -0.25
0 -1 -1.22465e-16 0.45
0 1.22465e-16 -1 0.2425
0 0 0 1
1 0 0 -0.25
0 -1 -1.22465e-16 0.45
0 1.22465e-16 -1 0.245
0 0 0 1
1 0 0 -0.25
0 -1 -1.22465e-16 0.45
0 1.22465e-16 -1 0.2475
0 0 0 1
1 0 0 -0.25
0 -1 -1.22465e-16 0.45
0 1.22465e-16 -1 0.25
0 0 0 1
1 0 0 -0.25
0 -1 -1.22465e-16 0.45
0 1.22465e-16 -1 0.2525
0 0 0 1
1 0 0 -0.25
0 -1 -1.22465e-16 0.45
0 1.22465e-16 -1 0.255
0 0 0 1
1 0 0 -0.25
0 -1 -1.22465e-16 0.45
0 1.22465e-16 -1 0.2575
0 0 0 1
1 0 0 -0.25
0 -1 -1.22465e-16 0.45
0 1.22465e-16 -1 0.26
0 0 0 1
1 0 0 -0.25
0 -1 -1.22465e-16 0.45
0 1.22465e-16 -1 0.2625
0 0 0 1
1 0 0 -0.25
0 -1 -1.22465e-16 0.45
0 1.22465e-16 -1 0.265
0 0 0 1
1 0 0 -0.25
0 -1 -1.22465e-16 0.45
0 1.22465e-16 -1 0.2675
0 0 0 1
1 0 0 -0.25
0 -1 -1.22465e-16 0.45
0 1.22465e-16 -1 0.27
0 0 0 1
1 0 0 -0.25
0 -1 -1.22465e-16 0.45
0 1.22465e-16 -1 0.2725
0 0 0 1
1 0 0 -0.25
0 -1 -1.22465e-16 0.45
0 1.22465e-16 -1 0.275
0 0 0 1
1 0 0 -0.25
0 -1 -1.22465e-16 0.45
0 1.22465e-16 -1 0.2775
0 0 0 1
1 0 0 -0.25
0 -1 -1.22465e-16 0.45
0 1.22465e-16 -1 0.28
0 0 0 1
1 0 0 -0.25
0 -1 -1.22465e-16 0.45
0 1.22465e-16 -1 0.2825
0 0 0 1
1 0 0 -0.25
0 -1 -1.22465e-16 0.45
0 1.22465e-16 -1 0.285
0 0 0 1
1 0 0 -0.25
0 -1 -1.22465e-16 0.45
0 1.22465e-16 -1 0.2875
0 0 0 1
1 0 0 -0.25
0 -1 -1.22465e-16 0.45
0 1.22465e-16 -1 0.29
0 0 0 1
1 0 0 -0.25
0 -1 -1.22465e-16 0.45
0 1.22465e-16 -1 0.2925
0 0 0 1
1 0 0 -0.25
0 -1 -1.22465e-16 0.45
0 1.22465e-16 -1 0.295
0 0 0 1
1 0 0 -0.25
0 -1 -1.22465e-16 0.45
0 1.22465e-16 -1 0.2975
0 0 0 1
1 0 0 -0.25
0 -1 -1.22465e-16 0.45
0 1.22465e-16 -1 0.3
0 0 0 1
1 0 0 -0.25
0 -1 -1.22465e-16 0.45
0 1.22465e-16 -1 0.3
0 0 0 1
1 0 0 -0.2515
0 -1 -1.22465e-16 0.4475
0 1.22465e-16 -1 0.3015
0 0 0 1
1 0 0 -0.253
0 -1 -1.22465e-16 0.445
0 1.22465e-16 -1 0.303
0 0 0 1
1 0 0 -0.2545
0 -1 -1.22465e-16 0.4425
0 1.22465e-16 -1 0.3045
0 0 0 1
1 0 0 -0.256
0 -1 -1.22465e-16 0.44
0 1.22465e-16 -1 0.306
0 0 0 1
1 0 0 -0.2575
0 -1 -1.22465e-16 0.4375
0 1.22465e-16 -1 0.3075
0 0 0 1
1 0 0 -0.259
0 -1 -1.22465e-16 0.435
0 1.22465e-16 -1 0.309
0 0 0 1
1 0 0 -0.2605
0 -1 -1.22465e-16 0.4325
0 1.22465e-16 -1 0.3105
0 0 0 1
1 0 0 -0.262
0 -1 -1.22465e-16 0.43
0 1.22465e-16 -1 0.312
0 0 0 1
1 0 0 -0.2635
0 -1 -1.22465e-16 0.427499
0 1.22465e-16 -1 0.3135
0 0 0 1
1 0 0 -0.265
0 -1 -1.22465e-16 0.424999
0 1.22465e-16 -1 0.315
0 0 0 1
1 0 0 -0.2665
0 -1 -1.22465e-16 0.422499
0 1.22465e-16 -1 0.3165
0 0 0 1
1 0 0 -0.268
0 -1 -1.22465e-16 0.419999
0 1.22465e-16 -1 0.318
0 0 0 1
1 0 0 -0.2695
0 -1 -1.22465e-16 0.417499
0 1.22465e-16 -1 0.3195
0 0 0 1
1 0 0 -0.271
0 -1 -1.22465e-16 0.414999
0 1.22465e-16 -1 0.321
0 0 0 1
1 0 0 -0.272501
0 -1 -1.22465e-16 0.412499
0 1.22465e-16 -1 0.322501
0 0 0 1
1 0 0 -0.274001
0 -1 -1.22465e-16 0.409999
0 1.22465e-16 -1 0.324001
0 0 0 1
1 0 0 -0.275501
0 -1 -1.22465e-16 0.407499
0 1.22465e-16 -1 0.325501
0 0 0 1
1 0 0 -0.277001
0 -1 -1.22465e-16 0.404999
0 1.22465e-16 -1 0.327001
0 0 0 1
1 0 0 -0.278501
0 -1 -1.22465e-16 0.402499
0 1.22465e-16 -1 0.328501
0 0 0 1
1 0 0 -0.280001
0 -1 -1.22465e-16 0.399999
0 1.22465e-16 -1 0.330001
0 0 0 1
1 0 0 -0.281501
0 -1 -1.22465e-16 0.397499
0 1.22465e-16 -1 0.331501
0 0 0 1
1 0 0 -0.283001
0 -1 -1.22465e-16 0.394999
0 1.22465e-16 -1 0.333001
0 0 0 1
1 0 0 -0.284501
0 -1 -1.22465e-16 0.392499
0 1.22465e-16 -1 0.334501
0 0 0 1
1 0 0 -0.286001
0 -1 -1.22465e-16 0.389999
0 1.22465e-16 -1 0.336001
0 0 0 1
1 0 0 -0.287501
0 -1 -1.22465e-16 0.387499
0 1.22465e-16 -1 0.337501
0 0 0 1
1 0 0 -0.289001
0 -1 -1.22465e-16 0.384999
0 1.22465e-16 -1 0.339001
0 0 0 1
1 0 0 -0.290501
0 -1 -1.22465e-16 0.382498
0 1.22465e-16 -1 0.340501
0 0 0 1
1 0 0 -0.292001
0 -1 -1.22465e-16 0.379998
0 1.22465e-16 -1 0.342001
0 0 0 1
1 0 0 -0.293501
0 -1 -1.22465e-16 0.377498
0 1.22465e-16 -1 0.343501
0 0 0 1
1 0 0 -0.295001
0 -1 -1.22465e-16 0.374998
0 1.22465e-16 -1 0.345001
0 0 0 1
1 0 0 -0.296501
0 -1 -1.22465e-16 0.372498
0 1.22465e-16 -1 0.346501
0 0 0 1
1 0 0 -0.298001
0 -1 -1.22465e-16 0.369998
0 1.22465e-16 -1 0.348001
0 0 0 1
1 0 0 -0.299501
0 -1 -1.22465e-16 0.367498
0 1.22465e-16 -1 0.349501
0 0 0 1
1 0 0 -0.301001
0 -1 -1.22465e-16 0.364998
0 1.22465e-16 -1 0.351001
0 0 0 1
1 0 0 -0.302501
0 -1 -1.22465e-16 0.362498
0 1.22465e-16 -1 0.352501
0 0 0 1
1 0 0 -0.304001
0 -1 -1.22465e-16 0.359998
0 1.22465e-16 -1 0.354001
0 0 0 1
1 0 0 -0.305501
0 -1 -1.22465e-16 0.357498
0 1.22465e-16 -1 0.355501
0 0 0 1
1 0 0 -0.307001
0 -1 -1.22465e-16 0.354998
0 1.22465e-16 -1 0.357001
0 0 0 1
1 0 0 -0.308501
0 -1 -1.22465e-16 0.352498
0 1.22465e-16 -1 0.358501
0 0 0 1
1 0 0 -0.310001
0 -1 -1.22465e-16 0.349998
0 1.22465e-16 -1 0.360001
0 0 0 1
1 0 0 -0.311501
0 -1 -1.22465e-16 0.347498
0 1.22465e-16 -1 0.361501
0 0 0 1
1 0 0 -0.313001
0 -1 -1.22465e-16 0.344998
0 1.22465e-16 -1 0.363001
0 0 0 1
1 0 0 -0.314501
0 -1 -1.22465e-16 0.342498
0 1.22465e-16 -1 0.364501
0 0 0 1
1 0 0 -0.316002
0 -1 -1.22465e-16 0.339997
0 1.22465e-16 -1 0.366002
0 0 0 1
1 0 0 -0.317502
0 -1 -1.22465e-16 0.337497
0 1.22465e-16 -1 0.367502
0 0 0 1
1 0 0 -0.319002
0 -1 -1.22465e-16 0.334997
0 1.22465e-16 -1 0.369002
0 0 0 1
1 0 0 -0.320502
0 -1 -1.22465e-16 0.332497
0 1.22465e-16 -1 0.370502
0 0 0 1
1 0 0 -0.322002
0 -1 -1.22465e-16 0.329997
0 1.22465e-16 -1 0.372002
0 0 0 1
1 0 0 -0.323502
0 -1 -1.22465e-16 0.327497
0 1.22465e-16 -1 0.373502
0 0 0 1
1 0 0 -0.325002
0 -1 -1.22465e-16 0.324997
0 1.22465e-16 -1 0.375002
0 0 0 1
1 0 0 -0.326502
0 -1 -1.22465e-16 0.322497
0 1.22465e-16 -1 0.376502
0 0 0 1
1 0 0 -0.328002
0 -1 -1.22465e-16 0.319997
0 1.22465e-16 -1 0.378002
0 0 0 1
1 0 0 -0.329502
0 -1 -1.22465e-16 0.317497
0 1.22465e-16 -1 0.379502
0 0 0 1
1 0 0 -0.331002
0 -1 -1.22465e-16 0.314997
0 1.22465e-16 -1 0.381002
0 0 0 1
1 0 0 -0.332502
0 -1 -1.22465e-16 0.312497
0 1.22465e-16 -1 0.382502
0 0 0 1
1 0 0 -0.334002
0 -1 -1.22465e-16 0.309997
0 1.22465e-16 -1 0.384002
0 0 0 1
1 0 0 -0.335502
0 -1 -1.22465e-16 0.307497
0 1.22465e-16 -1 0.385502
0 0 0 1
1 0 0 -0.337002
0 -1 -1.22465e-16 0.304997
0 1.22465e-16 -1 0.387002
0 0 0 1
1 0 0 -0.338502
0 -1 -1.22465e-16 0.302497
0 1.22465e-16 -1 0.388502
0 0 0 1
1 0 0 -0.340002
0 -1 -1.22465e-16 0.299997
0 1.22465e-16 -1 0.390002
0 0 0 1
1 0 0 -0.341502
0 -1 -1.22465e-16 0.297497
0 1.22465e-16 -1 0.391502
0 0 0 1
1 0 0 -0.343002
0 -1 -1.22465e-16 0.294996
0 1.22465e-16 -1 0.393002
0 0 0 1
1 0 0 -0.344502
0 -1 -1.22465e-16 0.292496
0 1.22465e-16 -1 0.394502
0 0 0 1
1 0 0 -0.346002
0 -1 -1.22465e-16 0.289996
0 1.22465e-16 -1 0.396002
0 0 0 1
1 0 0 -0.347502
0 -1 -1.22465e-16 0.287496
0 1.22465e-16 -1 0.397502
0 0 0 1
1 0 0 -0.349002
0 -1 -1.22465e-16 0.284996
0 1.22465e-16 -1 0.399002
0 0 0 1
1 0 0 -0.350502
0 -1 -1.22465e-16 0.282496
0 1.22465e-16 -1 0.400502
0 0 0 1
1 0 0 -0.352002
0 -1 -1.22465e-16 0.279996
0 1.22465e-16 -1 0.402002
0 0 0 1
1 0 0 -0.353502
0 -1 -1.22465e-16 0.277496
0 1.22465e-16 -1 0.403502
0 0 0 1
1 0 0 -0.355002
0 -1 -1.22465e-16 0.274996
0 1.22465e-16 -1 0.405002
0 0 0 1
1 0 0 -0.356502
0 -1 -1.22465e-16 0.272496
0 1.22465e-16 -1 0.406502
0 0 0 1
1 0 0 -0.358002
0 -1 -1.22465e-16 0.269996
0 1.22465e-16 -1 0.408002
0 0 0 1
1 0 0 -0.359503
0 -1 -1.22465e-16 0.267496
0 1.22465e-16 -1 0.409503
0 0 0 1
1 0 0 -0.361003
0 -1 -1.22465e-16 0.264996
0 1.22465e-16 -1 0.411003
0 0 0 1
1 0 0 -0.362503
0 -1 -1.22465e-16 0.262496
0 1.22465e-16 -1 0.412503
0 0 0 1
1 0 0 -0.364003
0 -1 -1.22465e-16 0.259996
0 1.22465e-16 -1 0.414003
0 0 0 1
1 0 0 -0.365503
0 -1 -1.22465e-16 0.257496
0 1.22465e-16 -1 0.415503
0 0 0 1
1 0 0 -0.367003
0 -1 -1.22465e-16 0.254996
0 1.22465e-16 -1 0.417003
0 0 0 1
1 0 0 -0.368503
0 -1 -1.22465e-16 0.252495
0 1.22465e-16 -1 0.418503
0 0 0 1
1 0 0 -0.370003
0 -1 -1.22465e-16 0.249995
0 1.22465e-16 -1 0.420003
0 0 0 1
1 0 0 -0.371503
0 -1 -1.22465e-16 0.247495
0 1.22465e-16 -1 0.421503
0 0 0 1
1 0 0 -0.373003
0 -1 -1.22465e-16 0.244995
0 1.22465e-16 -1 0.423003
0 0 0 1
1 0 0 -0.374503
0 -1 -1.22465e-16 0.242495
0 1.22465e-16 -1 0.424503
0 0 0 1
1 0 0 -0.376003
0 -1 -1.22465e-16 0.239995
0 1.22465e-16 -1 0.426003
0 0 0 1
1 0 0 -0.377503
0 -1 -1.22465e-16 0.237495
0 1.22465e-16 -1 0.427503
0 0 0 1
1 0 0 -0.379003
0 -1 -1.22465e-16 0.234995
0 1.22465e-16 -1 0.429003
0 0 0 1
1 0 0 -0.380503
0 -1 -1.22465e-16 0.232495
0 1.22465e-16 -1 0.430503
0 0 0 1
1 0 0 -0.382003
0 -1 -1.22465e-16 0.229995
0 1.22465e-16 -1 0.432003
0 0 0 1
1 0 0 -0.383503
0 -1 -1.22465e-16 0.227495
0 1.22465e-16 -1 0.433503
0 0 0 1
1 0 0 -0.385003
0 -1 -1.22465e-16 0.224995
0 1.22465e-16 -1 0.435003
0 0 0 1
1 0 0 -0.386503
0 -1 -1.22465e-16 0.222495
0 1.22465e-16 -1 0.436503
0 0 0 1
1 0 0 -0.388003
0 -1 -1.22465e-16 0.219995
0 1.22465e-16 -1 0.438003
0 0 0 1
1 0 0 -0.389503
0 -1 -1.22465e-16 0.217495
0 1.22465e-16 -1 0.439503
0 0 0 1
1 0 0 -0.391003
0 -1 -1.22465e-16 0.214995
0 1.22465e-16 -1 0.441003
0 0 0 1
1 0 0 -0.392503
0 -1 -1.22465e-16 0.212495
0 1.22465e-16 -1 0.442503
0 0 0 1
1 0 0 -0.394003
0 -1 -1.22465e-16 0.209995
0 1.22465e-16 -1 0.444003
0 0 0 1
1 0 0 -0.395503
0 -1 -1.22465e-16 0.207494
0 1.22465e-16 -1 0.445503
0 0 0 1
1 0 0 -0.397003
0 -1 -1.22465e-16 0.204994
0 1.22465e-16 -1 0.447003
0 0 0 1
1 0 0 -0.398503
0 -1 -1.22465e-16 0.202494
0 1.22465e-16 -1 0.448503
0 0 0 1
1 0 0 -0.4
0 -1 -1.22465e-16 0.2
0 1.22465e-16 -1 0.45
0 0 0 1
1 0 0 -0.3976
0 -1 -1.22465e-16 0.193225
0 1.22465e-16 -1 0.45
0 0 0 1
1 0 0 -0.3952
0 -1 -1.22465e-16 0.18645
0 1.22465e-16 -1 0.45
0 0 0 1
1 0 0 -0.3928
0 -1 -1.22465e-16 0.179675
0 1.22465e-16 -1 0.45
0 0 0 1
1 0 0 -0.3904
0 -1 -1.22465e-16 0.172899
0 1.22465e-16 -1 0.45
0 0 0 1
1 0 0 -0.388
0 -1 -1.22465e-16 0.166124
0 1.22465e-16 -1 0.45
0 0 0 1
1 0 0 -0.3856
0 -1 -1.22465e-16 0.159349
0 1.22465e-16 -1 0.45
0 0 0 1
1 0 0 -0.3832
0 -1 -1.22465e-16 0.152574
0 1.22465e-16 -1 0.45
0 0 0 1
1 0 0 -0.3808
0 -1 -1.22465e-16 0.145799
0 1.22465e-16 -1 0.45
0 0 0 1
1 0 0 -0.3784
0 -1 -1.22465e-16 0.139024
0 1.22465e-16 -1 0.45
0 0 0 1
1 0 0 -0.375999
0 -1 -1.22465e-16 0.132248
0 1.22465e-16 -1 0.45
0 0 0 1
1 0 0 -0.373599
0 -1 -1.22465e-16 0.125473
0 1.22465e-16 -1 0.45
0 0 0 1
1 0 0 -0.371199
0 -1 -1.22465e-16 0.118698
0 1.22465e-16 -1 0.45
0 0 0 1
1 0 0 -0.368799
0 -1 -1.22465e-16 0.111923
0 1.22465e-16 -1 0.45
0 0 0 1
1 0 0 -0.366399
0 -1 -1.22465e-16 0.105148
0 1.22465e-16 -1 0.45
0 0 0 1
1 0 0 -0.363999
0 -1 -1.22465e-16 0.0983727
0 1.22465e-16 -1 0.45
0 0 0 1
1 0 0 -0.361599
0 -1 -1.22465e-16 0.0915975
0 1.22465e-16 -1 0.45
0 0 0 1
1 0 0 -0.359199
0 -1 -1.22465e-16 0.0848224
0 1.22465e-16 -1 0.45
0 0 0 1
1 0 0 -0.356799
0 -1 -1.22465e-16 0.0780472
0 1.22465e-16 -1 0.45
0 0 0 1
1 0 0 -0.354399
0 -1 -1.22465e-16 0.0712721
0 1.22465e-16 -1 0.45
0 0 0 1
1 0 0 -0.351999
0 -1 -1.22465e-16 0.0644969
0 1.22465e-16 -1 0.45
0 0 0 1
1 0 0 -0.349599
0 -1 -1.22465e-16 0.0577217
0 1.22465e-16 -1 0.45
0 0 0 1
1 0 0 -0.347199
0 -1 -1.22465e-16 0.0509466
0 1.22465e-16 -1 0.45
0 0 0 1
1 0 0 -0.344799
0 -1 -1.22465e-16 0.0441714
0 1.22465e-16 -1 0.45
0 0 0 1
1 0 0 -0.342399
0 -1 -1.22465e-16 0.0373963
0 1.22465e-16 -1 0.45
0 0 0 1
1 0 0 -0.339999
0 -1 -1.22465e-16 0.0306211
0 1.22465e-16 -1 0.45
0 0 0 1
1 0 0 -0.337599
0 -1 -1.22465e-16 0.023846
0 1.22465e-16 -1 0.45
0 0 0 1
1 0 0 -0.335199
0 -1 -1.22465e-16 0.0170708
0 1.22465e-16 -1 0.45
0 0 0 1
1 0 0 -0.332798
0 -1 -1.22465e-16 0.0102957
0 1.22465e-16 -1 0.45
0 0 0 1
1 0 0 -0.330398
0 -1 -1.22465e-16 0.0035205
0 1.22465e-16 -1 0.45
0 0 0 1
1 0 0 -0.327998
0 -1 -1.22465e-16 -0.00325465
0 1.22465e-16 -1 0.45
0 0 0 1
1 0 0 -0.325598
0 -1 -1.22465e-16 -0.0100298
0 1.22465e-16 -1 0.45
0 0 0 1
1 0 0 -0.323198
0 -1 -1.22465e-16 -0.016805
0 1.22465e-16 -1 0.45
0 0 0 1
1 0 0 -0.320798
0 -1 -1.22465e-16 -0.0235801
0 1.22465e-16 -1 0.45
0 0 0 1
1 0 0 -0.318398
0 -1 -1.22465e-16 -0.0303553
0 1.22465e-16 -1 0.45
0 0 0 1
1 0 0 -0.315998
0 -1 -1.22465e-16 -0.0371304
0 1.22465e-16 -1 0.45
0 0 0 1
1 0 0 -0.313598
0 -1 -1.22465e-16 -0.0439056
0 1.22465e-16 -1 0.45
0 0 0 1
1 0 0 -0.311198
0 -1 -1.22465e-16 -0.0506807
0 1.22465e-16 -1 0.45
0 0 0 1
1 0 0 -0.308798
0 -1 -1.22465e-16 -0.0574559
0 1.22465e-16 -1 0.45
0 0 0 1
1 0 0 -0.306398
0 -1 -1.22465e-16 -0.064231
0 1.22465e-16 -1 0.45
0 0 0 1
1 0 0 -0.303998
0 -1 -1.22465e-16 -0.0710062
0 1.22465e-16 -1 0.45
0 0 0 1
1 0 0 -0.301598
0 -1 -1.22465e-16 -0.0777814
0 1.22465e-16 -1 0.45
0 0 0 1
1 0 0 -0.299198
0 -1 -1.22465e-16 -0.0845565
0 1.22465e-16 -1 0.45
0 0 0 1
1 0 0 -0.296798
0 -1 -1.22465e-16 -0.0913317
0 1.22465e-16 -1 0.45
0 0 0 1
1 0 0 -0.294398
0 -1 -1.22465e-16 -0.0981068
0 1.22465e-16 -1 0.45
0 0 0 1
1 0 0 -0.291998
0 -1 -1.22465e-16 -0.104882
0 1.22465e-16 -1 0.45
0 0 0 1
1 0 0 -0.289597
0 -1 -1.22465e-16 -0.111657
0 1.22465e-16 -1 0.45
0 0 0 1
1 0 0 -0.287197
0 -1 -1.22465e-16 -0.118432
0 1.22465e-16 -1 0.45
0 0 0 1
1 0 0 -0.284797
0 -1 -1.22465e-16 -0.125207
0 1.22465e-16 -1 0.45
0 0 0 1
1 0 0 -0.282397
0 -1 -1.22465e-16 -0.131983
0 1.22465e-16 -1 0.45
0 0 0 1
1 0 0 -0.279997
0 -1 -1.22465e-16 -0.138758
0 1.22465e-16 -1 0.45
0 0 0 1
1 0 0 -0.277597
0 -1 -1.22465e-16 -0.145533
0 1.22465e-16 -1 0.45
0 0 0 1
1 0 0 -0.275197
0 -1 -1.22465e-16 -0.152308
0 1.22465e-16 -1 0.45
0 0 0 1
1 0 0 -0.272797
0 -1 -1.22465e-16 -0.159083
0 1.22465e-16 -1 0.45
0 0 0 1
1 0 0 -0.270397
0 -1 -1.22465e-16 -0.165858
0 1.22465e-16 -1 0.45
0 0 0 1
1 0 0 -0.267997
0 -1 -1.22465e-16 -0.172634
0 1.22465e-16 -1 0.45
0 0 0 1
1 0 0 -0.265597
0 -1 -1.22465e-16 -0.179409
0 1.22465e-16 -1 0.45
0 0 0 1
1 0 0 -0.263197
0 -1 -1.22465e-16 -0.186184
0 1.22465e-16 -1 0.45
0 0 0 1
1 0 0 -0.260797
0 -1 -1.22465e-16 -0.192959
0 1.22465e-16 -1 0.45
0 0 0 1
1 0 0 -0.258397
0 -1 -1.22465e-16 -0.199734
0 1.22465e-16 -1 0.45
0 0 0 1
1 0 0 -0.255997
0 -1 -1.22465e-16 -0.206509
0 1.22465e-16 -1 0.45
0 0 0 1
1 0 0 -0.253597
0 -1 -1.22465e-16 -0.213284
0 1.22465e-16 -1 0.45
0 0 0 1
1 0 0 -0.251197
0 -1 -1.22465e-16 -0.22006
0 1.22465e-16 -1 0.45
0 0 0 1
1 0 0 -0.248797
0 -1 -1.22465e-16 -0.226835
0 1.22465e-16 -1 0.45
0 0 0 1
1 0 0 -0.246396
0 -1 -1.22465e-16 -0.23361
0 1.22465e-16 -1 0.45
0 0 0 1
1 0 0 -0.243996
0 -1 -1.22465e-16 -0.240385
0 1.22465e-16 -1 0.45
0 0 0 1
1 0 0 -0.241596
0 -1 -1.22465e-16 -0.24716
0 1.22465e-16 -1 0.45
0 0 0 1
1 0 0 -0.239196
0 -1 -1.22465e-16 -0.253935
0 1.22465e-16 -1 0.45
0 0 0 1
1 0 0 -0.236796
0 -1 -1.22465e-16 -0.260711
0 1.22465e-16 -1 0.45
0 0 0 1
1 0 0 -0.234396
0 -1 -1.22465e-16 -0.267486
0 1.22465e-16 -1 0.45
0 0 0 1
1 0 0 -0.231996
0 -1 -1.22465e-16 -0.274261
0 1.22465e-16 -1 0.45
0 0 0 1
1 0 0 -0.229596
0 -1 -1.22465e-16 -0.281036
0 1.22465e-16 -1 0.45
0 0 0 1
1 0 0 -0.227196
0 -1 -1.22465e-16 -0.287811
0 1.22465e-16 -1 0.45
0 0 0 1
1 0 0 -0.224796
0 -1 -1.22465e-16 -0.294586
0 1.22465e-16 -1 0.45
0 0 0 1
1 0 0 -0.222396
0 -1 -1.22465e-16 -0.301361
0 1.22465e-16 -1 0.45
0 0 0 1
1 0 0 -0.219996
0 -1 -1.22465e-16 -0.308137
0 1.22465e-16 -1 0.45
0 0 0 1
1 0 0 -0.217596
0 -1 -1.22465e-16 -0.314912
0 1.22465e-16 -1 0.45
0 0 0 1
1 0 0 -0.215196
0 -1 -1.22465e-16 -0.321687
0 1.22465e-16 -1 0.45
0 0 0 1
1 0 0 -0.212796
0 -1 -1.22465e-16 -0.328462
0 1.22465e-16 -1 0.45
0 0 0 1
1 0 0 -0.210396
0 -1 -1.22465e-16 -0.335237
0 1.22465e-16 -1 0.45
0 0 0 1
1 0 0 -0.207996
0 -1 -1.22465e-16 -0.342012
0 1.22465e-16 -1 0.45
0 0 0 1
1 0 0 -0.205596
0 -1 -1.22465e-16 -0.348788
0 1.22465e-16 -1 0.45
0 0 0 1
1 0 0 -0.203195
0 -1 -1.22465e-16 -0.355563
0 1.22465e-16 -1 0.45
0 0 0 1
1 0 0 -0.200795
0 -1 -1.22465e-16 -0.362338
0 1.22465e-16 -1 0.45
0 0 0 1
1 0 0 -0.198395
0 -1 -1.22465e-16 -0.369113
0 1.22465e-16 -1 0.45
0 0 0 1
1 0 0 -0.195995
0 -1 -1.22465e-16 -0.375888
0 1.22465e-16 -1 0.45
0 0 0 1
1 0 0 -0.193595
0 -1 -1.22465e-16 -0.382663
0 1.22465e-16 -1 0.45
0 0 0 1
1 0 0 -0.191195
0 -1 -1.22465e-16 -0.389438
0 1.22465e-16 -1 0.45
0 0 0 1
1 0 0 -0.188795
0 -1 -1.22465e-16 -0.396214
0 1.22465e-16 -1 0.45
0 0 0 1
1 0 0 -0.186395
0 -1 -1.22465e-16 -0.402989
0 1.22465e-16 -1 0.45
0 0 0 1
1 0 0 -0.183995
0 -1 -1.22465e-16 -0.409764
0 1.22465e-16 -1 0.45
0 0 0 1
1 0 0 -0.181595
0 -1 -1.22465e-16 -0.416539
0 1.22465e-16 -1 0.45
0 0 0 1
1 0 0 -0.179195
0 -1 -1.22465e-16 -0.423314
0 1.22465e-16 -1 0.45
0 0 0 1
1 0 0 -0.176795
0 -1 -1.22465e-16 -0.430089
0 1.22465e-16 -1 0.45
0 0 0 1
1 0 0 -0.174395
0 -1 -1.22465e-16 -0.436865
0 1.22465e-16 -1 0.45
0 0 0 1
1 0 0 -0.171995
0 -1 -1.22465e-16 -0.44364
0 1.22465e-16 -1 0.45
0 0 0 1
1 0 0 -0.169595
0 -1 -1.22465e-16 -0.450415
0 1.22465e-16 -1 0.45
0 0 0 1
1 0 0 -0.167195
0 -1 -1.22465e-16 -0.45719
0 1.22465e-16 -1 0.45
0 0 0 1
1 0 0 -0.164795
0 -1 -1.22465e-16 -0.463965
0 1.22465e-16 -1 0.45
0 0 0 1
1 0 0 -0.162395
0 -1 -1.22465e-16 -0.47074
0 1.22465e-16 -1 0.45
0 0 0 1
1 0 0 -0.16
0 -1 -1.22465e-16 -0.4775
0 1.22465e-16 -1 0.45
0 0 0 1
1 0 0 -0.1554
0 -1 -1.22465e-16 -0.477725
0 1.22465e-16 -1 0.4485
0 0 0 1
1 0 0 -0.1508
0 -1 -1.22465e-16 -0.47795
0 1.22465e-16 -1 0.447
0 0 0 1
1 0 0 -0.1462
0 -1 -1.22465e-16 -0.478175
0 1.22465e-16 -1 0.4455
0 0 0 1
1 0 0 -0.1416
0 -1 -1.22465e-16 -0.4784
0 1.22465e-16 -1 0.444
0 0 0 1
1 0 0 -0.136999
0 -1 -1.22465e-16 -0.478625
0 1.22465e-16 -1 0.4425
0 0 0 1
1 0 0 -0.132399
0 -1 -1.22465e-16 -0.47885
0 1.22465e-16 -1 0.441
0 0 0 1
1 0 0 -0.127799
0 -1 -1.22465e-16 -0.479075
0 1.22465e-16 -1 0.4395
0 0 0 1
1 0 0 -0.123199
0 -1 -1.22465e-16 -0.4793
0 1.22465e-16 -1 0.438
0 0 0 1
1 0 0 -0.118599
0 -1 -1.22465e-16 -0.479525
0 1.22465e-16 -1 0.4365
0 0 0 1
1 0 0 -0.113999
0 -1 -1.22465e-16 -0.47975
0 1.22465e-16 -1 0.435
0 0 0 1
1 0 0 -0.109399
0 -1 -1.22465e-16 -0.479975
0 1.22465e-16 -1 0.4335
0 0 0 1
1 0 0 -0.104799
0 -1 -1.22465e-16 -0.4802
0 1.22465e-16 -1 0.432
0 0 0 1
1 0 0 -0.100199
0 -1 -1.22465e-16 -0.480425
0 1.22465e-16 -1 0.4305
0 0 0 1
1 0 0 -0.0955985
0 -1 -1.22465e-16 -0.48065
0 1.22465e-16 -1 0.429
0 0 0 1
1 0 0 -0.0909984
0 -1 -1.22465e-16 -0.480875
0 1.22465e-16 -1 0.427499
0 0 0 1
1 0 0 -0.0863983
0 -1 -1.22465e-16 -0.4811
0 1.22465e-16 -1 0.425999
0 0 0 1
1 0 0 -0.0817982
0 -1 -1.22465e-16 -0.481325
0 1.22465e-16 -1 0.424499
0 0 0 1
1 0 0 -0.0771981
0 -1 -1.22465e-16 -0.48155
0 1.22465e-16 -1 0.422999
0 0 0 1
1 0 0 -0.072598
0 -1 -1.22465e-16 -0.481775
0 1.22465e-16 -1 0.421499
0 0 0 1
1 0 0 -0.0679979
0 -1 -1.22465e-16 -0.482
0 1.22465e-16 -1 0.419999
0 0 0 1
1 0 0 -0.0633978
0 -1 -1.22465e-16 -0.482225
0 1.22465e-16 -1 0.418499
0 0 0 1
1 0 0 -0.0587977
0 -1 -1.22465e-16 -0.48245
0 1.22465e-16 -1 0.416999
0 0 0 1
1 0 0 -0.0541976
0 -1 -1.22465e-16 -0.482675
0 1.22465e-16 -1 0.415499
0 0 0 1
1 0 0 -0.0495975
0 -1 -1.22465e-16 -0.4829
0 1.22465e-16 -1 0.413999
0 0 0 1
1 0 0 -0.0449974
0 -1 -1.22465e-16 -0.483125
0 1.22465e-16 -1 0.412499
0 0 0 1
1 0 0 -0.0403973
0 -1 -1.22465e-16 -0.48335
0 1.22465e-16 -1 0.410999
0 0 0 1
1 0 0 -0.0357972
0 -1 -1.22465e-16 -0.483575
0 1.22465e-16 -1 0.409499
0 0 0 1
1 0 0 -0.0311971
0 -1 -1.22465e-16 -0.4838
0 1.22465e-16 -1 0.407999
0 0 0 1
1 0 0 -0.0265969
0 -1 -1.22465e-16 -0.484025
0 1.22465e-16 -1 0.406499
0 0 0 1
1 0 0 -0.0219968
0 -1 -1.22465e-16 -0.48425
0 1.22465e-16 -1 0.404999
0 0 0 1
1 0 0 -0.0173967
0 -1 -1.22465e-16 -0.484475
0 1.22465e-16 -1 0.403499
0 0 0 1
1 0 0 -0.0127966
0 -1 -1.22465e-16 -0.4847
0 1.22465e-16 -1 0.401999
0 0 0 1
1 0 0 -0.00819653
0 -1 -1.22465e-16 -0.484925
0 1.22465e-16 -1 0.400499
0 0 0 1
1 0 0 -0.00359642
0 -1 -1.22465e-16 -0.48515
0 1.22465e-16 -1 0.398999
0 0 0 1
1 0 0 0.00100368
0 -1 -1.22465e-16 -0.485375
0 1.22465e-16 -1 0.397499
0 0 0 1
1 0 0 0.00560379
0 -1 -1.22465e-16 -0.4856
0 1.22465e-16 -1 0.395999
0 0 0 1
1 0 0 0.0102039
0 -1 -1.22465e-16 -0.485825
0 1.22465e-16 -1 0.394499
0 0 0 1
1 0 0 0.014804
0 -1 -1.22465e-16 -0.48605
0 1.22465e-16 -1 0.392999
0 0 0 1
1 0 0 0.0194041
0 -1 -1.22465e-16 -0.486275
0 1.22465e-16 -1 0.391499
0 0 0 1
1 0 0 0.0240042
0 -1 -1.22465e-16 -0.4865
0 1.22465e-16 -1 0.389999
0 0 0 1
1 0 0 0.0286043
0 -1 -1.22465e-16 -0.486725
0 1.22465e-16 -1 0.388499
0 0 0 1
1 0 0 0.0332044
0 -1 -1.22465e-16 -0.48695
0 1.22465e-16 -1 0.386999
0 0 0 1
1 0 0 0.0378045
0 -1 -1.22465e-16 -0.487175
0 1.22465e-16 -1 0.385499
0 0 0 1
1 0 0 0.0424046
0 -1 -1.22465e-16 -0.4874
0 1.22465e-16 -1 0.383998
0 0 0 1
1 0 0 0.0470047
0 -1 -1.22465e-16 -0.487625
0 1.22465e-16 -1 0.382498
0 0 0 1
1 0 0 0.0516048
0 -1 -1.22465e-16 -0.48785
0 1.22465e-16 -1 0.380998
0 0 0 1
1 0 0 0.0562049
0 -1 -1.22465e-16 -0.488075
0 1.22465e-16 -1 0.379498
0 0 0 1
1 0 0 0.0608051
0 -1 -1.22465e-16 -0.4883
0 1.22465e-16 -1 0.377998
0 0 0 1
1 0 0 0.0654052
0 -1 -1.22465e-16 -0.488525
0 1.22465e-16 -1 0.376498
0 0 0 1
1 0 0 0.0700053
0 -1 -1.22465e-16 -0.48875
0 1.22465e-16 -1 0.374998
0 0 0 1
1 0 0 0.0746054
0 -1 -1.22465e-16 -0.488975
0 1.22465e-16 -1 0.373498
0 0 0 1
1 0 0 0.0792055
0 -1 -1.22465e-16 -0.4892
0 1.22465e-16 -1 0.371998
0 0 0 1
1 0 0 0.0838056
0 -1 -1.22465e-16 -0.489425
0 1.22465e-16 -1 0.370498
0 0 0 1
1 0 0 0.0884057
0 -1 -1.22465e-16 -0.48965
0 1.22465e-16 -1 0.368998
0 0 0 1
1 0 0 0.0930058
0 -1 -1.22465e-16 -0.489875
0 1.22465e-16 -1 0.367498
0 0 0 1
1 0 0 0.0976059
0 -1 -1.22465e-16 -0.4901
0 1.22465e-16 -1 0.365998
0 0 0 1
1 0 0 0.102206
0 -1 -1.22465e-16 -0.490325
0 1.22465e-16 -1 0.364498
0 0 0 1
1 0 0 0.106806
0 -1 -1.22465e-16 -0.49055
0 1.22465e-16 -1 0.362998
0 0 0 1
1 0 0 0.111406
0 -1 -1.22465e-16 -0.490775
0 1.22465e-16 -1 0.361498
0 0 0 1
1 0 0 0.116006
0 -1 -1.22465e-16 -0.491
0 1.22465e-16 -1 0.359998
0 0 0 1
1 0 0 0.120606
0 -1 -1.22465e-16 -0.491225
0 1.22465e-16 -1 0.358498
0 0 0 1
1 0 0 0.125207
0 -1 -1.22465e-16 -0.49145
0 1.22465e-16 -1 0.356998
0 0 0 1
1 0 0 0.129807
0 -1 -1.22465e-16 -0.491675
0 1.22465e-16 -1 0.355498
0 0 0 1
1 0 0 0.134407
0 -1 -1.22465e-16 -0.4919
0 1.22465e-16 -1 0.353998
0 0 0 1
1 0 0 0.139007
0 -1 -1.22465e-16 -0.492125
0 1.22465e-16 -1 0.352498
0 0 0 1
1 0 0 0.143607
0 -1 -1.22465e-16 -0.49235
0 1.22465e-16 -1 0.350998
0 0 0 1
1 0 0 0.148207
0 -1 -1.22465e-16 -0.492575
0 1.22465e-16 -1 0.349498
0 0 0 1
1 0 0 0.152807
0 -1 -1.22465e-16 -0.4928
0 1.22465e-16 -1 0.347998
0 0 0 1
1 0 0 0.157407
0 -1 -1.22465e-16 -0.493025
0 1.22465e-16 -1 0.346498
0 0 0 1
1 0 0 0.162007
0 -1 -1.22465e-16 -0.49325
0 1.22465e-16 -1 0.344998
0 0 0 1
1 0 0 0.166607
0 -1 -1.22465e-16 -0.493475
0 1.22465e-16 -1 0.343498
0 0 0 1
1 0 0 0.171208
0 -1 -1.22465e-16 -0.4937
0 1.22465e-16 -1 0.341998
0 0 0 1
1 0 0 0.175808
0 -1 -1.22465e-16 -0.493925
0 1.22465e-16 -1 0.340497
0 0 0 1
1 0 0 0.180408
0 -1 -1.22465e-16 -0.49415
0 1.22465e-16 -1 0.338997
0 0 0 1
1 0 0 0.185008
0 -1 -1.22465e-16 -0.494375
0 1.22465e-16 -1 0.337497
0 0 0 1
1 0 0 0.189608
0 -1 -1.22465e-16 -0.4946
0 1.22465e-16 -1 0.335997
0 0 0 1
1 0 0 0.194208
0 -1 -1.22465e-16 -0.494825
0 1.22465e-16 -1 0.334497
0 0 0 1
1 0 0 0.198808
0 -1 -1.22465e-16 -0.49505
0 1.22465e-16 -1 0.332997
0 0 0 1
1 0 0 0.203408
0 -1 -1.22465e-16 -0.495275
0 1.22465e-16 -1 0.331497
0 0 0 1
1 0 0 0.208008
0 -1 -1.22465e-16 -0.4955
0 1.22465e-16 -1 0.329997
0 0 0 1
1 0 0 0.212609
0 -1 -1.22465e-16 -0.495725
0 1.22465e-16 -1 0.328497
0 0 0 1
1 0 0 0.217209
0 -1 -1.22465e-16 -0.49595
0 1.22465e-16 -1 0.326997
0 0 0 1
1 0 0 0.221809
0 -1 -1.22465e-16 -0.496175
0 1.22465e-16 -1 0.325497
0 0 0 1
1 0 0 0.226409
0 -1 -1.22465e-16 -0.4964
0 1.22465e-16 -1 0.323997
0 0 0 1
1 0 0 0.231009
0 -1 -1.22465e-16 -0.496625
0 1.22465e-16 -1 0.322497
0 0 0 1
1 0 0 0.235609
0 -1 -1.22465e-16 -0.49685
0 1.22465e-16 -1 0.320997
0 0 0 1
1 0 0 0.240209
0 -1 -1.22465e-16 -0.497075
0 1.22465e-16 -1 0.319497
0 0 0 1
1 0 0 0.244809
0 -1 -1.22465e-16 -0.4973
0 1.22465e-16 -1 0.317997
0 0 0 1
1 0 0 0.249409
0 -1 -1.22465e-16 -0.497525
0 1.22465e-16 -1 0.316497
0 0 0 1
1 0 0 0.254009
0 -1 -1.22465e-16 -0.49775
0 1.22465e-16 -1 0.314997
0 0 0 1
1 0 0 0.25861
0 -1 -1.22465e-16 -0.497975
0 1.22465e-16 -1 0.313497
0 0 0 1
1 0 0 0.26321
0 -1 -1.22465e-16 -0.4982
0 1.22465e-16 -1 0.311997
0 0 0 1
1 0 0 0.26781
0 -1 -1.22465e-16 -0.498425
0 1.22465e-16 -1 0.310497
0 0 0 1
1 0 0 0.27241
0 -1 -1.22465e-16 -0.49865
0 1.22465e-16 -1 0.308997
0 0 0 1
1 0 0 0.27701
0 -1 -1.22465e-16 -0.498875
0 1.22465e-16 -1 0.307497
0 0 0 1
1 0 0 0.28161
0 -1 -1.22465e-16 -0.4991
0 1.22465e-16 -1 0.305997
0 0 0 1
1 0 0 0.28621
0 -1 -1.22465e-16 -0.499325
0 1.22465e-16 -1 0.304497
0 0 0 1
1 0 0 0.29081
0 -1 -1.22465e-16 -0.499551
0 1.22465e-16 -1 0.302997
0 0 0 1
1 0 0 0.29541
0 -1 -1.22465e-16 -0.499776
0 1.22465e-16 -1 0.301497
0 0 0 1
1 0 0 0.3
0 -1 -1.22465e-16 -0.5
0 1.22465e-16 -1 0.3
0 0 0 1
1 0 0 0.3
0 -1 -1.22465e-16 -0.5
0 1.22465e-16 -1 0.2975
0 0 0 1
1 0 0 0.3
0 -1 -1.22465e-16 -0.5
0 1.22465e-16 -1 0.295
0 0 0 1
1 0 0 0.3
0 -1 -1.22465e-16 -0.5
0 1.22465e-16 -1 0.2925
0 0 0 1
1 0 0 0.3
0 -1 -1.22465e-16 -0.5
0 1.22465e-16 -1 0.29
0 0 0 1
1 0 0 0.3
0 -1 -1.22465e-16 -0.5
0 1.22465e-16 -1 0.2875
0 0 0 1
1 0 0 0.3
0 -1 -1.22465e-16 -0.5
0 1.22465e-16 -1 0.285
0 0 0 1
1 0 0 0.3
0 -1 -1.22465e-16 -0.5
0 1.22465e-16 -1 0.2825
0 0 0 1
1 0 0 0.3
0 -1 -1.22465e-16 -0.5
0 1.22465e-16 -1 0.28
0 0 0 1
1 0 0 0.3
0 -1 -1.22465e-16 -0.5
0 1.22465e-16 -1 0.277499
0 0 0 1
1 0 0 0.3
0 -1 -1.22465e-16 -0.5
0 1.22465e-16 -1 0.274999
0 0 0 1
1 0 0 0.3
0 -1 -1.22465e-16 -0.5
0 1.22465e-16 -1 0.272499
0 0 0 1
1 0 0 0.3
0 -1 -1.22465e-16 -0.5
0 1.22465e-16 -1 0.269999
0 0 0 1
1 0 0 0.3
0 -1 -1.22465e-16 -0.5
0 1.22465e-16 -1 0.267499
0 0 0 1
1 0 0 0.3
0 -1 -1.22465e-16 -0.5
0 1.22465e-16 -1 0.264999
0 0 0 1
1 0 0 0.3
0 -1 -1.22465e-16 -0.5
0 1.22465e-16 -1 0.262499
0 0 0 1
1 0 0 0.3
0 -1 -1.22465e-16 -0.5
0 1.22465e-16 -1 0.259999
0 0 0 1
1 0 0 0.3
0 -1 -1.22465e-16 -0.5
0 1.22465e-16 -1 0.257499
0 0 0 1
1 0 0 0.3
0 -1 -1.22465e-16 -0.5
0 1.22465e-16 -1 0.254999
0 0 0 1
1 0 0 0.3
0 -1 -1.22465e-16 -0.5
0 1.22465e-16 -1 0.252499
0 0 0 1
1 0 0 0.3
0 -1 -1.22465e-16 -0.5
0 1.22465e-16 -1 0.249999
0 0 0 1
1 0 0 0.3
0 -1 -1.22465e-16 -0.5
0 1.22465e-16 -1 0.247499
0 0 0 1
1 0 0 0.3
0 -1 -1.22465e-16 -0.5
0 1.22465e-16 -1 0.244999
0 0 0 1
1 0 0 0.3
0 -1 -1.22465e-16 -0.5
0 1.22465e-16 -1 0.242499
0 0 0 1
1 0 0 0.3
0 -1 -1.22465e-16 -0.5
0 1.22465e-16 -1 0.239999
0 0 0 1
1 0 0 0.3
0 -1 -1.22465e-16 -0.5
0 1.22465e-16 -1 0.237499
0 0 0 1
1 0 0 0.3
0 -1 -1.22465e-16 -0.5
0 1.22465e-16 -1 0.234999
0 0 0 1
1 0 0 0.3
0 -1 -1.22465e-16 -0.5
0 1.22465e-16 -1 0.232498
0 0 0 1
1 0 0 0.3
0 -1 -1.22465e-16 -0.5
0 1.22465e-16 -1 0.229998
0 0 0 1
1 0 0 0.3
0 -1 -1.22465e-16 -0.5
0 1.22465e-16 -1 0.227498
0 0 0 1
1 0 0 0.3
0 -1 -1.22465e-16 -0.5
0 1.22465e-16 -1 0.224998
0 0 0 1
1 0 0 0.3
0 -1 -1.22465e-16 -0.5
0 1.22465e-16 -1 0.222498
0 0 0 1
1 0 0 0.3
0 -1 -1.22465e-16 -0.5
0 1.22465e-16 -1 0.219998
0 0 0 1
1 0 0 0.3
0 -1 -1.22465e-16 -0.5
0 1.22465e-16 -1 0.217498
0 0 0 1
1 0 0 0.3
0 -1 -1.22465e-16 -0.5
0 1.22465e-16 -1 0.214998
0 0 0 1
1 0 0 0.3
0 -1 -1.22465e-16 -0.5
0 1.22465e-16 -1 0.212498
0 0 0 1
1 0 0 0.3
0 -1 -1.22465e-16 -0.5
0 1.22465e-16 -1 0.209998
0 0 0 1
1 0 0 0.3
0 -1 -1.22465e-16 -0.5
0 1.22465e-16 -1 0.207498
0 0 0 1
1 0 0 0.3
0 -1 -1.22465e-16 -0.5
0 1.22465e-16 -1 0.204998
0 0 0 1
1 0 0 0.3
0 -1 -1.22465e-16 -0.5
0 1.22465e-16 -1 0.202498
0 0 0 1
1 0 0 0.3
0 -1 -1.22465e-16 -0.5
0 1.22465e-16 -1 0.199998
0 0 0 1
1 0 0 0.3
0 -1 -1.22465e-16 -0.5
0 1.22465e-16 -1 0.197498
0 0 0 1
1 0 0 0.3
0 -1 -1.22465e-16 -0.5
0 1.22465e-16 -1 0.194998
0 0 0 1
1 0 0 0.3
0 -1 -1.22465e-16 -0.5
0 1.22465e-16 -1 0.192498
0 0 0 1
1 0 0 0.3
0 -1 -1.22465e-16 -0.5
0 1.22465e-16 -1 0.189997
0 0 0 1
1 0 0 0.3
0 -1 -1.22465e-16 -0.5
0 1.22465e-16 -1 0.187497
0 0 0 1
1 0 0 0.3
0 -1 -1.22465e-16 -0.5
0 1.22465e-16 -1 0.184997
0 0 0 1
1 0 0 0.3
0 -1 -1.22465e-16 -0.5
0 1.22465e-16 -1 0.182497
0 0 0 1
1 0 0 0.3
0 -1 -1.22465e-16 -0.5
0 1.22465e-16 -1 0.179997
0 0 0 1
1 0 0 0.3
0 -1 -1.22465e-16 -0.5
0 1.22465e-16 -1 0.177497
0 0 0 1
1 0 0 0.3
0 -1 -1.22465e-16 -0.5
0 1.22465e-16 -1 0.174997
0 0 0 1
1 0 0 0.3
0 -1 -1.22465e-16 -0.5
0 1.22465e-16 -1 0.172497
0 0 0 1
1 0 0 0.3
0 -1 -1.22465e-16 -0.5
0 1.22465e-16 -1 0.169997
0 0 0 1
1 0 0 0.3
0 -1 -1.22465e-16 -0.5
0 1.22465e-16 -1 0.167497
0 0 0 1
1 0 0 0.3
0 -1 -1.22465e-16 -0.5
0 1.22465e-16 -1 0.164997
0 0 0 1
1 0 0 0.3
0 -1 -1.22465e-16 -0.5
0 1.22465e-16 -1 0.162497
0 0 0 1
1 0 0 0.3
0 -1 -1.22465e-16 -0.5
0 1.22465e-16 -1 0.159997
0 0 0 1
1 0 0 0.3
0 -1 -1.22465e-16 -0.5
0 1.22465e-16 -1 0.157497
0 0 0 1
1 0 0 0.3
0 -1 -1.22465e-16 -0.5
0 1.22465e-16 -1 0.154997
0 0 0 1
1 0 0 0.3
0 -1 -1.22465e-16 -0.5
0 1.22465e-16 -1 0.152497
0 0 0 1
1 0 0 0.3
0 -1 -1.22465e-16 -0.5
0 1.22465e-16 -1 0.149997
0 0 0 1
1 0 0 0.3
0 -1 -1.22465e-16 -0.5
0 1.22465e-16 -1 0.147497
0 0 0 1
1 0 0 0.3
0 -1 -1.22465e-16 -0.5
0 1.22465e-16 -1 0.144996
0 0 0 1
1 0 0 0.3
0 -1 -1.22465e-16 -0.5
0 1.22465e-16 -1 0.142496
0 0 0 1
1 0 0 0.3
0 -1 -1.22465e-16 -0.5
0 1.22465e-16 -1 0.139996
0 0 0 1
1 0 0 0.3
0 -1 -1.22465e-16 -0.5
0 1.22465e-16 -1 0.137496
0 0 0 1
1 0 0 0.3
0 -1 -1.22465e-16 -0.5
0 1.22465e-16 -1 0.134996
0 0 0 1
1 0 0 0.3
0 -1 -1.22465e-16 -0.5
0 1.22465e-16 -1 0.132496
0 0 0 1
1 0 0 0.3
0 -1 -1.22465e-16 -0.5
0 1.22465e-16 -1 0.129996
0 0 0 1
1 0 0 0.3
0 -1 -1.22465e-16 -0.5
0 1.22465e-16 -1 0.127496
0 0 0 1
1 0 0 0.3
0 -1 -1.22465e-16 -0.5
0 1.22465e-16 -1 0.124996
0 0 0 1
1 0 0 0.3
0 -1 -1.22465e-16 -0.5
0 1.22465e-16 -1 0.122496
0 0 0 1
1 0 0 0.3
0 -1 -1.22465e-16 -0.5
0 1.22465e-16 -1 0.119996
0 0 0 1
1 0 0 0.3
0 -1 -1.22465e-16 -0.5
0 1.22465e-16 -1 0.117496
0 0 0 1
1 0 0 0.3
0 -1 -1.22465e-16 -0.5
0 1.22465e-16 -1 0.114996
0 0 0 1
1 0 0 0.3
0 -1 -1.22465e-16 -0.5
0 1.22465e-16 -1 0.112496
0 0 0 1
1 0 0 0.3
0 -1 -1.22465e-16 -0.5
0 1.22465e-16 -1 0.109996
0 0 0 1
1 0 0 0.3
0 -1 -1.22465e-16 -0.5
0 1.22465e-16 -1 0.107496
0 0 0 1
1 0 0 0.3
0 -1 -1.22465e-16 -0.5
0 1.22465e-16 -1 0.104996
0 0 0 1
1 0 0 0.3
0 -1 -1.22465e-16 -0.5
0 1.22465e-16 -1 0.102495
0 0 0 1
1 0 0 0.3
0 -1 -1.22465e-16 -0.5
0 1.22465e-16 -1 0.0999954
0 0 0 1
1 0 0 0.3
0 -1 -1.22465e-16 -0.5
0 1.22465e-16 -1 0.0974954
0 0 0 1
1 0 0 0.3
0 -1 -1.22465e-16 -0.5
0 1.22465e-16 -1 0.0949953
0 0 0 1
1 0 0 0.3
0 -1 -1.22465e-16 -0.5
0 1.22465e-16 -1 0.0924953
0 0 0 1
1 0 0 0.3
0 -1 -1.22465e-16 -0.5
0 1.22465e-16 -1 0.0899952
0 0 0 1
1 0 0 0.3
0 -1 -1.22465e-16 -0.5
0 1.22465e-16 -1 0.0874951
0 0 0 1
1 0 0 0.3
0 -1 -1.22465e-16 -0.5
0 1.22465e-16 -1 0.0849951
0 0 0 1
1 0 0 0.3
0 -1 -1.22465e-16 -0.5
0 1.22465e-16 -1 0.082495
0 0 0 1
1 0 0 0.3
0 -1 -1.22465e-16 -0.5
0 1.22465e-16 -1 0.079995
0 0 0 1
1 0 0 0.3
0 -1 -1.22465e-16 -0.5
0 1.22465e-16 -1 0.0774949
0 0 0 1
1 0 0 0.3
0 -1 -1.22465e-16 -0.5
0 1.22465e-16 -1 0.0749949
0 0 0 1
1 0 0 0.3
0 -1 -1.22465e-16 -0.5
0 1.22465e-16 -1 0.0724948
0 0 0 1
1 0 0 0.3
0 -1 -1.22465e-16 -0.5
0 1.22465e-16 -1 0.0699947
0 0 0 1
1 0 0 0.3
0 -1 -1.22465e-16 -0.5
0 1.22465e-16 -1 0.0674947
0 0 0 1
1 0 0 0.3
0 -1 -1.22465e-16 -0.5
0 1.22465e-16 -1 0.0649946
0 0 0 1
1 0 0 0.3
0 -1 -1.22465e-16 -0.5
0 1.22465e-16 -1 0.0624946
0 0 0 1
1 0 0 0.3
0 -1 -1.22465e-16 -0.5
0 1.22465e-16 -1 0.0599945
0 0 0 1
1 0 0 0.3
0 -1 -1.22465e-16 -0.5
0 1.22465e-16 -1 0.0574944
0 0 0 1
1 0 0 0.3
0 -1 -1.22465e-16 -0.5
0 1.22465e-16 -1 0.0549944
0 0 0 1
1 0 0 0.3
0 -1 -1.22465e-16 -0.5
0 1.22465e-16 -1 0.0524943
0 0 0 1
1 0 0 0.3
0 -1 -1.22465e-16 -0.5
0 1.22465e-16 -1 0.05
0 0 0 1
1 0 0 0.3
0 -1 -1.22465e-16 -0.5
0 1.22465e-16 -1 0.0525001
0 0 0 1
1 0 0 0.3
0 -1 -1.22465e-16 -0.5
0 1.22465e-16 -1 0.0550001
0 0 0 1
1 0 0 0.3
0 -1 -1.22465e-16 -0.5
0 1.22465e-16 -1 0.0575002
0 0 0 1
1 0 0 0.3
0 -1 -1.22465e-16 -0.5
0 1.22465e-16 -1 0.0600002
0 0 0 1
1 0 0 0.3
0 -1 -1.22465e-16 -0.5
0 1.22465e-16 -1 0.0625003
0 0 0 1
1 0 0 0.3
0 -1 -1.22465e-16 -0.5
0 1.22465e-16 -1 0.0650003
0 0 0 1
1 0 0 0.3
0 -1 -1.22465e-16 -0.5
0 1.22465e-16 -1 0.0675004
0 0 0 1
1 0 0 0.3
0 -1 -1.22465e-16 -0.5
0 1.22465e-16 -1 0.0700005
0 0 0 1
1 0 0 0.3
0 -1 -1.22465e-16 -0.5
0 1.22465e-16 -1 0.0725005
0 0 0 1
1 0 0 0.3
0 -1 -1.22465e-16 -0.5
0 1.22465e-16 -1 0.0750006
0 0 0 1
1 0 0 0.3
0 -1 -1.22465e-16 -0.5
0 1.22465e-16 -1 0.0775006
0 0 0 1
1 0 0 0.3
0 -1 -1.22465e-16 -0.5
0 1.22465e-16 -1 0.0800007
0 0 0 1
1 0 0 0.3
0 -1 -1.22465e-16 -0.5
0 1.22465e-16 -1 0.0825007
0 0 0 1
1 0 0 0.3
0 -1 -1.22465e-16 -0.5
0 1.22465e-16 -1 0.0850008
0 0 0 1
1 0 0 0.3
0 -1 -1.22465e-16 -0.5
0 1.22465e-16 -1 0.0875009
0 0 0 1
1 0 0 0.3
0 -1 -1.22465e-16 -0.5
0 1.22465e-16 -1 0.0900009
0 0 0 1
1 0 0 0.3
0 -1 -1.22465e-16 -0.5
0 1.22465e-16 -1 0.092501
0 0 0 1
1 0 0 0.3
0 -1 -1.22465e-16 -0.5
0 1.22465e-16 -1 0.095001
0 0 0 1
1 0 0 0.3
0 -1 -1.22465e-16 -0.5
0 1.22465e-16 -1 0.0975011
0 0 0 1
1 0 0 0.3
0 -1 -1.22465e-16 -0.5
0 1.22465e-16 -1 0.100001
0 0 0 1
1 0 0 0.3
0 -1 -1.22465e-16 -0.5
0 1.22465e-16 -1 0.102501
0 0 0 1
1 0 0 0.3
0 -1 -1.22465e-16 -0.5
0 1.22465e-16 -1 0.105001
0 0 0 1
1 0 0 0.3
0 -1 -1.22465e-16 -0.5
0 1.22465e-16 -1 0.107501
0 0 0 1
1 0 0 0.3
0 -1 -1.22465e-16 -0.5
0 1.22465e-16 -1 0.110001
0 0 0 1
1 0 0 0.3
0 -1 -1.22465e-16 -0.5
0 1.22465e-16 -1 0.112501
0 0 0 1
1 0 0 0.3
0 -1 -1.22465e-16 -0.5
0 1.22465e-16 -1 0.115001
0 0 0 1
1 0 0 0.3
0 -1 -1.22465e-16 -0.5
0 1.22465e-16 -1 0.117502
0 0 0 1
1 0 0 0.3
0 -1 -1.22465e-16 -0.5
0 1.22465e-16 -1 0.120002
0 0 0 1
1 0 0 0.3
0 -1 -1.22465e-16 -0.5
0 1.22465e-16 -1 0.122502
0 0 0 1
1 0 0 0.3
0 -1 -1.22465e-16 -0.5
0 1.22465e-16 -1 0.125002
0 0 0 1
1 0 0 0.3
0 -1 -1.22465e-16 -0.5
0 1.22465e-16 -1 0.127502
0 0 0 1
1 0 0 0.3
0 -1 -1.22465e-16 -0.5
0 1.22465e-16 -1 0.130002
0 0 0 1
1 0 0 0.3
0 -1 -1.22465e-16 -0.5
0 1.22465e-16 -1 0.132502
0 0 0 1
1 0 0 0.3
0 -1 -1.22465e-16 -0.5
0 1.22465e-16 -1 0.135002
0 0 0 1
1 0 0 0.3
0 -1 -1.22465e-16 -0.5
0 1.22465e-16 -1 0.137502
0 0 0 1
1 0 0 0.3
0 -1 -1.22465e-16 -0.5
0 1.22465e-16 -1 0.140002
0 0 0 1
1 0 0 0.3
0 -1 -1.22465e-16 -0.5
0 1.22465e-16 -1 0.142502
0 0 0 1
1 0 0 0.3
0 -1 -1.22465e-16 -0.5
0 1.22465e-16 -1 0.145002
0 0 0 1
1 0 0 0.3
0 -1 -1.22465e-16 -0.5
0 1.22465e-16 -1 0.147502
0 0 0 1
1 0 0 0.3
0 -1 -1.22465e-16 -0.5
0 1.22465e-16 -1 0.150002
0 0 0 1
1 0 0 0.3
0 -1 -1.22465e-16 -0.5
0 1.22465e-16 -1 0.152502
0 0 0 1
1 0 0 0.3
0 -1 -1.22465e-16 -0.5
0 1.22465e-16 -1 0.155002
0 0 0 1
1 0 0 0.3
0 -1 -1.22465e-16 -0.5
0 1.22465e-16 -1 0.157502
0 0 0 1
1 0 0 0.3
0 -1 -1.22465e-16 -0.5
0 1.22465e-16 -1 0.160003
0 0 0 1
1 0 0 0.3
0 -1 -1.22465e-16 -0.5
0 1.22465e-16 -1 0.162503
0 0 0 1
1 0 0 0.3
0 -1 -1.22465e-16 -0.5
0 1.22465e-16 -1 0.165003
0 0 0 1
1 0 0 0.3
0 -1 -1.22465e-16 -0.5
0 1.22465e-16 -1 0.167503
0 0 0 1
1 0 0 0.3
0 -1 -1.22465e-16 -0.5
0 1.22465e-16 -1 0.170003
0 0 0 1
1 0 0 0.3
0 -1 -1.22465e-16 -0.5
0 1.22465e-16 -1 0.172503
0 0 0 1
1 0 0 0.3
0 -1 -1.22465e-16 -0.5
0 1.22465e-16 -1 0.175003
0 0 0 1
1 0 0 0.3
0 -1 -1.22465e-16 -0.5
0 1.22465e-16 -1 0.177503
0 0 0 1
1 0 0 0.3
0 -1 -1.22465e-16 -0.5
0 1.22465e-16 -1 0.180003
0 0 0 1
1 0 0 0.3
0 -1 -1.22465e-16 -0.5
0 1.22465e-16 -1 0.182503
0 0 0 1
1 0 0 0.3
0 -1 -1.22465e-16 -0.5
0 1.22465e-16 -1 0.185003
0 0 0 1
1 0 0 0.3
0 -1 -1.22465e-16 -0.5
0 1.22465e-16 -1 0.187503
0 0 0 1
1 0 0 0.3
0 -1 -1.22465e-16 -0.5
0 1.22465e-16 -1 0.190003
0 0 0 1
1 0 0 0.3
0 -1 -1.22465e-16 -0.5
0 1.22465e-16 -1 0.192503
0 0 0 1
1 0 0 0.3
0 -1 -1.22465e-16 -0.5
0 1.22465e-16 -1 0.195003
0 0 0 1
1 0 0 0.3
0 -1 -1.22465e-16 -0.5
0 1.22465e-16 -1 0.197503
0 0 0 1
1 0 0 0.3
0 -1 -1.22465e-16 -0.5
0 1.22465e-16 -1 0.200003
0 0 0 1
1 0 0 0.3
0 -1 -1.22465e-16 -0.5
0 1.22465e-16 -1 0.202503
0 0 0 1
1 0 0 0.3
0 -1 -1.22465e-16 -0.5
0 1.22465e-16 -1 0.205004
0 0 0 1
1 0 0 0.3
0 -1 -1.22465e-16 -0.5
0 1.22465e-16 -1 0.207504
0 0 0 1
1 0 0 0.3
0 -1 -1.22465e-16 -0.5
0 1.22465e-16 -1 0.210004
0 0 0 1
1 0 0 0.3
0 -1 -1.22465e-16 -0.5
0 1.22465e-16 -1 0.212504
0 0 0 1
1 0 0 0.3
0 -1 -1.22465e-16 -0.5
0 1.22465e-16 -1 0.215004
0 0 0 1
1 0 0 0.3
0 -1 -1.22465e-16 -0.5
0 1.22465e-16 -1 0.217504
0 0 0 1
1 0 0 0.3
0 -1 -1.22465e-16 -0.5
0 1.22465e-16 -1 0.220004
0 0 0 1
1 0 0 0.3
0 -1 -1.22465e-16 -0.5
0 1.22465e-16 -1 0.222504
0 0 0 1
1 0 0 0.3
0 -1 -1.22465e-16 -0.5
0 1.22465e-16 -1 0.225004
0 0 0 1
1 0 0 0.3
0 -1 -1.22465e-16 -0.5
0 1.22465e-16 -1 0.227504
0 0 0 1
1 0 0 0.3
0 -1 -1.22465e-16 -0.5
0 1.22465e-16 -1 0.230004
0 0 0 1
1 0 0 0.3
0 -1 -1.22465e-16 -0.5
0 1.22465e-16 -1 0.232504
0 0 0 1
1 0 0 0.3
0 -1 -1.22465e-16 -0.5
0 1.22465e-16 -1 0.235004
0 0 0 1
1 0 0 0.3
0 -1 -1.22465e-16 -0.5
0 1.22465e-16 -1 0.237504
0 0 0 1
1 0 0 0.3
0 -1 -1.22465e-16 -0.5
0 1.22465e-16 -1 0.240004
0 0 0 1
1 0 0 0.3
0 -1 -1.22465e-16 -0.5
0 1.22465e-16 -1 0.242504
0 0 0 1
1 0 0 0.3
0 -1 -1.22465e-16 -0.5
0 1.22465e-16 -1 0.245004
0 0 0 1
1 0 0 0.3
0 -1 -1.22465e-16 -0.5
0 1.22465e-16 -1 0.247505
0 0 0 1
1 0 0 0.3
0 -1 -1.22465e-16 -0.5
0 1.22465e-16 -1 0.250005
0 0 0 1
1 0 0 0.3
0 -1 -1.22465e-16 -0.5
0 1.22465e-16 -1 0.252505
0 0 0 1
1 0 0 0.3
0 -1 -1.22465e-16 -0.5
0 1.22465e-16 -1 0.255005
0 0 0 1
1 0 0 0.3
0 -1 -1.22465e-16 -0.5
0 1.22465e-16 -1 0.257505
0 0 0 1
1 0 0 0.3
0 -1 -1.22465e-16 -0.5
0 1.22465e-16 -1 0.260005
0 0 0 1
1 0 0 0.3
0 -1 -1.22465e-16 -0.5
0 1.22465e-16 -1 0.262505
0 0 0 1
1 0 0 0.3
0 -1 -1.22465e-16 -0.5
0 1.22465e-16 -1 0.265005
0 0 0 1
1 0 0 0.3
0 -1 -1.22465e-16 -0.5
0 1.22465e-16 -1 0.267505
0 0 0 1
1 0 0 0.3
0 -1 -1.22465e-16 -0.5
0 1.22465e-16 -1 0.270005
0 0 0 1
1 0 0 0.3
0 -1 -1.22465e-16 -0.5
0 1.22465e-16 -1 0.272505
0 0 0 1
1 0 0 0.3
0 -1 -1.22465e-16 -0.5
0 1.22465e-16 -1 0.275005
0 0 0 1
1 0 0 0.3
0 -1 -1.22465e-16 -0.5
0 1.22465e-16 -1 0.277505
0 0 0 1
1 0 0 0.3
0 -1 -1.22465e-16 -0.5
0 1.22465e-16 -1 0.280005
0 0 0 1
1 0 0 0.3
0 -1 -1.22465e-16 -0.5
0 1.22465e-16 -1 0.282505
0 0 0 1
1 0 0 0.3
0 -1 -1.22465e-16 -0.5
0 1.22465e-16 -1 0.285005
0 0 0 1
1 0 0 0.3
0 -1 -1.22465e-16 -0.5
0 1.22465e-16 -1 0.287505
0 0 0 1
1 0 0 0.3
0 -1 -1.22465e-16 -0.5
0 1.22465e-16 -1 0.290005
0 0 0 1
1 0 0 0.3
0 -1 -1.22465e-16 -0.5
0 1.22465e-16 -1 0.292506
0 0 0 1
1 0 0 0.3
0 -1 -1.22465e-16 -0.5
0 1.22465e-16 -1 0.295006
0 0 0 1
1 0 0 0.3
0 -1 -1.22465e-16 -0.5
0 1.22465e-16 -1 0.297506
0 0 0 1
1 0 0 0.3
0 -1 -1.22465e-16 -0.5
0 1.22465e-16 -1 0.3
0 0 0 1
1 0 0 0.2954
0 -1 -1.22465e-16 -0.499775
0 1.22465e-16 -1 0.3015
0 0 0 1
1 0 0 0.2908
0 -1 -1.22465e-16 -0.49955
0 1.22465e-16 -1 0.303
0 0 0 1
1 0 0 0.2862
0 -1 -1.22465e-16 -0.499325
0 1.22465e-16 -1 0.3045
0 0 0 1
1 0 0 0.2816
0 -1 -1.22465e-16 -0.4991
0 1.22465e-16 -1 0.306
0 0 0 1
1 0 0 0.276999
0 -1 -1.22465e-16 -0.498875
0 1.22465e-16 -1 0.3075
0 0 0 1
1 0 0 0.272399
0 -1 -1.22465e-16 -0.49865
0 1.22465e-16 -1 0.309
0 0 0 1
1 0 0 0.267799
0 -1 -1.22465e-16 -0.498425
0 1.22465e-16 -1 0.3105
0 0 0 1
1 0 0 0.263199
0 -1 -1.22465e-16 -0.4982
0 1.22465e-16 -1 0.312
0 0 0 1
1 0 0 0.258599
0 -1 -1.22465e-16 -0.497975
0 1.22465e-16 -1 0.3135
0 0 0 1
1 0 0 0.253999
0 -1 -1.22465e-16 -0.49775
0 1.22465e-16 -1 0.315
0 0 0 1
1 0 0 0.249399
0 -1 -1.22465e-16 -0.497525
0 1.22465e-16 -1 0.3165
0 0 0 1
1 0 0 0.244799
0 -1 -1.22465e-16 -0.4973
0 1.22465e-16 -1 0.318
0 0 0 1
1 0 0 0.240199
0 -1 -1.22465e-16 -0.497075
0 1.22465e-16 -1 0.3195
0 0 0 1
1 0 0 0.235599
0 -1 -1.22465e-16 -0.49685
0 1.22465e-16 -1 0.321
0 0 0 1
1 0 0 0.230998
0 -1 -1.22465e-16 -0.496625
0 1.22465e-16 -1 0.322501
0 0 0 1
1 0 0 0.226398
0 -1 -1.22465e-16 -0.4964
0 1.22465e-16 -1 0.324001
0 0 0 1
1 0 0 0.221798
0 -1 -1.22465e-16 -0.496175
0 1.22465e-16 -1 0.325501
0 0 0 1
1 0 0 0.217198
0 -1 -1.22465e-16 -0.49595
0 1.22465e-16 -1 0.327001
0 0 0 1
1 0 0 0.212598
0 -1 -1.22465e-16 -0.495725
0 1.22465e-16 -1 0.328501
0 0 0 1
1 0 0 0.207998
0 -1 -1.22465e-16 -0.4955
0 1.22465e-16 -1 0.330001
0 0 0 1
1 0 0 0.203398
0 -1 -1.22465e-16 -0.495275
0 1.22465e-16 -1 0.331501
0 0 0 1
1 0 0 0.198798
0 -1 -1.22465e-16 -0.49505
0 1.22465e-16 -1 0.333001
0 0 0 1
1 0 0 0.194198
0 -1 -1.22465e-16 -0.494825
0 1.22465e-16 -1 0.334501
0 0 0 1
1 0 0 0.189597
0 -1 -1.22465e-16 -0.4946
0 1.22465e-16 -1 0.336001
0 0 0 1
1 0 0 0.184997
0 -1 -1.22465e-16 -0.494375
0 1.22465e-16 -1 0.337501
0 0 0 1
1 0 0 0.180397
0 -1 -1.22465e-16 -0.49415
0 1.22465e-16 -1 0.339001
0 0 0 1
1 0 0 0.175797
0 -1 -1.22465e-16 -0.493925
0 1.22465e-16 -1 0.340501
0 0 0 1
1 0 0 0.171197
0 -1 -1.22465e-16 -0.4937
0 1.22465e-16 -1 0.342001
0 0 0 1
1 0 0 0.166597
0 -1 -1.22465e-16 -0.493475
0 1.22465e-16 -1 0.343501
0 0 0 1
1 0 0 0.161997
0 -1 -1.22465e-16 -0.49325
0 1.22465e-16 -1 0.345001
0 0 0 1
1 0 0 0.157397
0 -1 -1.22465e-16 -0.493025
0 1.22465e-16 -1 0.346501
0 0 0 1
1 0 0 0.152797
0 -1 -1.22465e-16 -0.4928
0 1.22465e-16 -1 0.348001
0 0 0 1
1 0 0 0.148197
0 -1 -1.22465e-16 -0.492575
0 1.22465e-16 -1 0.349501
0 0 0 1
1 0 0 0.143596
0 -1 -1.22465e-16 -0.49235
0 1.22465e-16 -1 0.351001
0 0 0 1
1 0 0 0.138996
0 -1 -1.22465e-16 -0.492125
0 1.22465e-16 -1 0.352501
0 0 0 1
1 0 0 0.134396
0 -1 -1.22465e-16 -0.4919
0 1.22465e-16 -1 0.354001
0 0 0 1
1 0 0 0.129796
0 -1 -1.22465e-16 -0.491675
0 1.22465e-16 -1 0.355501
0 0 0 1
1 0 0 0.125196
0 -1 -1.22465e-16 -0.49145
0 1.22465e-16 -1 0.357001
0 0 0 1
1 0 0 0.120596
0 -1 -1.22465e-16 -0.491225
0 1.22465e-16 -1 0.358501
0 0 0 1
1 0 0 0.115996
0 -1 -1.22465e-16 -0.491
0 1.22465e-16 -1 0.360001
0 0 0 1
1 0 0 0.111396
0 -1 -1.22465e-16 -0.490775
0 1.22465e-16 -1 0.361501
0 0 0 1
1 0 0 0.106796
0 -1 -1.22465e-16 -0.49055
0 1.22465e-16 -1 0.363001
0 0 0 1
1 0 0 0.102195
0 -1 -1.22465e-16 -0.490325
0 1.22465e-16 -1 0.364501
0 0 0 1
1 0 0 0.0975954
0 -1 -1.22465e-16 -0.4901
0 1.22465e-16 -1 0.366002
0 0 0 1
1 0 0 0.0929953
0 -1 -1.22465e-16 -0.489875
0 1.22465e-16 -1 0.367502
0 0 0 1
1 0 0 0.0883952
0 -1 -1.22465e-16 -0.48965
0 1.22465e-16 -1 0.369002
0 0 0 1
1 0 0 0.0837951
0 -1 -1.22465e-16 -0.489425
0 1.22465e-16 -1 0.370502
0 0 0 1
1 0 0 0.0791949
0 -1 -1.22465e-16 -0.4892
0 1.22465e-16 -1 0.372002
0 0 0 1
1 0 0 0.0745948
0 -1 -1.22465e-16 -0.488975
0 1.22465e-16 -1 0.373502
0 0 0 1
1 0 0 0.0699947
0 -1 -1.22465e-16 -0.48875
0 1.22465e-16 -1 0.375002
0 0 0 1
1 0 0 0.0653946
0 -1 -1.22465e-16 -0.488525
0 1.22465e-16 -1 0.376502
0 0 0 1
1 0 0 0.0607945
0 -1 -1.22465e-16 -0.4883
0 1.22465e-16 -1 0.378002
0 0 0 1
1 0 0 0.0561944
0 -1 -1.22465e-16 -0.488075
0 1.22465e-16 -1 0.379502
0 0 0 1
1 0 0 0.0515943
0 -1 -1.22465e-16 -0.48785
0 1.22465e-16 -1 0.381002
0 0 0 1
1 0 0 0.0469942
0 -1 -1.22465e-16 -0.487625
0 1.22465e-16 -1 0.382502
0 0 0 1
1 0 0 0.0423941
0 -1 -1.22465e-16 -0.4874
0 1.22465e-16 -1 0.384002
0 0 0 1
1 0 0 0.037794
0 -1 -1.22465e-16 -0.487175
0 1.22465e-16 -1 0.385502
0 0 0 1
1 0 0 0.0331939
0 -1 -1.22465e-16 -0.48695
0 1.22465e-16 -1 0.387002
0 0 0 1
1 0 0 0.0285938
0 -1 -1.22465e-16 -0.486725
0 1.22465e-16 -1 0.388502
0 0 0 1
1 0 0 0.0239937
0 -1 -1.22465e-16 -0.4865
0 1.22465e-16 -1 0.390002
0 0 0 1
1 0 0 0.0193936
0 -1 -1.22465e-16 -0.486275
0 1.22465e-16 -1 0.391502
0 0 0 1
1 0 0 0.0147935
0 -1 -1.22465e-16 -0.48605
0 1.22465e-16 -1 0.393002
0 0 0 1
1 0 0 0.0101934
0 -1 -1.22465e-16 -0.485825
0 1.22465e-16 -1 0.394502
0 0 0 1
1 0 0 0.00559326
0 -1 -1.22465e-16 -0.4856
0 1.22465e-16 -1 0.396002
0 0 0 1
1 0 0 0.000993156
0 -1 -1.22465e-16 -0.485375
0 1.22465e-16 -1 0.397502
0 0 0 1
1 0 0 -0.00360695
0 -1 -1.22465e-16 -0.48515
0 1.22465e-16 -1 0.399002
0 0 0 1
1 0 0 -0.00820705
0 -1 -1.22465e-16 -0.484925
0 1.22465e-16 -1 0.400502
0 0 0 1
1 0 0 -0.0128072
0 -1 -1.22465e-16 -0.4847
0 1.22465e-16 -1 0.402002
0 0 0 1
1 0 0 -0.0174073
0 -1 -1.22465e-16 -0.484475
0 1.22465e-16 -1 0.403502
0 0 0 1
1 0 0 -0.0220074
0 -1 -1.22465e-16 -0.48425
0 1.22465e-16 -1 0.405002
0 0 0 1
1 0 0 -0.0266075
0 -1 -1.22465e-16 -0.484025
0 1.22465e-16 -1 0.406502
0 0 0 1
1 0 0 -0.0312076
0 -1 -1.22465e-16 -0.4838
0 1.22465e-16 -1 0.408002
0 0 0 1
1 0 0 -0.0358077
0 -1 -1.22465e-16 -0.483575
0 1.22465e-16 -1 0.409503
0 0 0 1
1 0 0 -0.0404078
0 -1 -1.22465e-16 -0.48335
0 1.22465e-16 -1 0.411003
0 0 0 1
1 0 0 -0.0450079
0 -1 -1.22465e-16 -0.483125
0 1.22465e-16 -1 0.412503
0 0 0 1
1 0 0 -0.049608
0 -1 -1.22465e-16 -0.4829
0 1.22465e-16 -1 0.414003
0 0 0 1
1 0 0 -0.0542081
0 -1 -1.22465e-16 -0.482675
0 1.22465e-16 -1 0.415503
0 0 0 1
1 0 0 -0.0588082
0 -1 -1.22465e-16 -0.48245
0 1.22465e-16 -1 0.417003
0 0 0 1
1 0 0 -0.0634083
0 -1 -1.22465e-16 -0.482225
0 1.22465e-16 -1 0.418503
0 0 0 1
1 0 0 -0.0680084
0 -1 -1.22465e-16 -0.482
0 1.22465e-16 -1 0.420003
0 0 0 1
1 0 0 -0.0726085
0 -1 -1.22465e-16 -0.481775
0 1.22465e-16 -1 0.421503
0 0 0 1
1 0 0 -0.0772086
0 -1 -1.22465e-16 -0.48155
0 1.22465e-16 -1 0.423003
0 0 0 1
1 0 0 -0.0818087
0 -1 -1.22465e-16 -0.481325
0 1.22465e-16 -1 0.424503
0 0 0 1
1 0 0 -0.0864088
0 -1 -1.22465e-16 -0.4811
0 1.22465e-16 -1 0.426003
0 0 0 1
1 0 0 -0.0910089
0 -1 -1.22465e-16 -0.480875
0 1.22465e-16 -1 0.427503
0 0 0 1
1 0 0 -0.0956091
0 -1 -1.22465e-16 -0.48065
0 1.22465e-16 -1 0.429003
0 0 0 1
1 0 0 -0.100209
0 -1 -1.22465e-16 -0.480425
0 1.22465e-16 -1 0.430503
0 0 0 1
1 0 0 -0.104809
0 -1 -1.22465e-16 -0.4802
0 1.22465e-16 -1 0.432003
0 0 0 1
1 0 0 -0.109409
0 -1 -1.22465e-16 -0.479975
0 1.22465e-16 -1 0.433503
0 0 0 1
1 0 0 -0.114009
0 -1 -1.22465e-16 -0.47975
0 1.22465e-16 -1 0.435003
0 0 0 1
1 0 0 -0.11861
0 -1 -1.22465e-16 -0.479525
0 1.22465e-16 -1 0.436503
0 0 0 1
1 0 0 -0.12321
0 -1 -1.22465e-16 -0.4793
0 1.22465e-16 -1 0.438003
0 0 0 1
1 0 0 -0.12781
0 -1 -1.22465e-16 -0.479075
0 1.22465e-16 -1 0.439503
0 0 0 1
1 0 0 -0.13241
0 -1 -1.22465e-16 -0.47885
0 1.22465e-16 -1 0.441003
0 0 0 1
1 0 0 -0.13701
0 -1 -1.22465e-16 -0.478625
0 1.22465e-16 -1 0.442503
0 0 0 1
1 0 0 -0.14161
0 -1 -1.22465e-16 -0.4784
0 1.22465e-16 -1 0.444003
0 0 0 1
1 0 0 -0.14621
0 -1 -1.22465e-16 -0.478175
0 1.22465e-16 -1 0.445503
0 0 0 1
1 0 0 -0.15081
0 -1 -1.22465e-16 -0.477949
0 1.22465e-16 -1 0.447003
0 0 0 1
1 0 0 -0.15541
0 -1 -1.22465e-16 -0.477724
0 1.22465e-16 -1 0.448503
0 0 0 1
1 0 0 -0.16
0 -1 -1.22465e-16 -0.4775
0 1.22465e-16 -1 0.45
0 0 0 1
0.999951 0.00967432 -0.00192553 -0.160194
0.00968329 -0.999942 0.00470642 -0.469817
-0.00187988 -0.00472484 -0.999987 0.449829
0 0 0 1
0.999805 0.0193385 -0.00389646 -0.160387
0.0193744 -0.999768 0.00939386 -0.462133
-0.0037139 -0.00946753 -0.999948 0.449658
0 0 0 1
0.999562 0.0289914 -0.00591258 -0.160581
0.0290722 -0.999478 0.0140618 -0.45445
-0.00550183 -0.0142275 -0.999884 0.449486
0 0 0 1
0.999222 0.0386319 -0.00797363 -0.160775
0.0387754 -0.999073 0.0187096 -0.446766
-0.00724345 -0.0190042 -0.999793 0.449315
0 0 0 1
0.998784 0.0482588 -0.0100794 -0.160969
0.048483 -0.998551 0.0233367 -0.439083
-0.00893857 -0.023797 -0.999677 0.449144
0 0 0 1
0.998249 0.0578709 -0.0122296 -0.161162
0.0581938 -0.997914 0.0279427 -0.431399
-0.010587 -0.0286054 -0.999535 0.448973
0 0 0 1
0.997617 0.0674672 -0.0144239 -0.161356
0.0679066 -0.997161 0.0325269 -0.423716
-0.0121885 -0.0334288 -0.999367 0.448801
0 0 0 1
0.996888 0.0770464 -0.0166622 -0.16155
0.0776203 -0.996293 0.0370887 -0.416032
-0.0137429 -0.0382667 -0.999173 0.44863
0 0 0 1
0.996062 0.0866074 -0.0189441 -0.161743
0.0873336 -0.995309 0.0416278 -0.408349
-0.01525 -0.0431183 -0.998954 0.448459
0 0 0 1
0.99514 0.0961491 -0.0212694 -0.161937
0.0970455 -0.99421 0.0461434 -0.400665
-0.0167096 -0.0479832 -0.998708 0.448288
0 0 0 1
0.99412 0.10567 -0.0236378 -0.162131
0.106755 -0.992995 0.0506351 -0.392982
-0.0181216 -0.0528609 -0.998437 0.448116
0 0 0 1
0.993004 0.11517 -0.0260491 -0.162325
0.11646 -0.991666 0.0551024 -0.385298
-0.0194858 -0.0577506 -0.998141 0.447945
0 0 0 1
0.991792 0.124647 -0.0285028 -0.162518
0.126161 -0.990221 0.0595446 -0.377615
-0.0208021 -0.0626518 -0.997819 0.447774
0 0 0 1
0.990483 0.1341 -0.0309988 -0.162712
0.135855 -0.988662 0.0639613 -0.369931
-0.0220702 -0.0675639 -0.997471 0.447603
0 0 0 1
0.989078 0.143528 -0.0335368 -0.162906
0.145542 -0.986988 0.0683519 -0.362248
-0.02329 -0.0724864 -0.997097 0.447431
0 0 0 1
0.987577 0.15293 -0.0361163 -0.163099
0.155221 -0.9852 0.072716 -0.354564
-0.0244614 -0.0774186 -0.996699 0.44726
0 0 0 1
0.98598 0.162304 -0.0387372 -0.163293
0.16489 -0.983298 0.0770529 -0.346881
-0.0255842 -0.08236 -0.996274 0.447089
0 0 0 1
0.984288 0.171651 -0.0413991 -0.163487
0.174548 -0.981281 0.0813622 -0.339197
-0.0266583 -0.08731 -0.995824 0.446918
0 0 0 1
0.9825 0.180967 -0.0441017 -0.163681
0.184195 -0.979151 0.0856434 -0.331514
-0.0276836 -0.092268 -0.995349 0.446746
0 0 0 1
0.980617 0.190254 -0.0468447 -0.163874
0.193828 -0.976908 0.0898959 -0.32383
-0.0286599 -0.0972333 -0.994849 0.446575
0 0 0 1
0.978639 0.199508 -0.0496277 -0.164068
0.203448 -0.974551 0.0941193 -0.316147
-0.0295872 -0.102205 -0.994323 0.446404
0 0 0 1
0.976566 0.20873 -0.0524504 -0.164262
0.213052 -0.972082 0.098313 -0.308463
-0.0304653 -0.107184 -0.993772 0.446233
0 0 0 1
0.974399 0.217917 -0.0553125 -0.164455
0.222639 -0.9695 0.102477 -0.30078
-0.0312941 -0.112168 -0.993196 0.446061
0 0 0 1
0.972137 0.22707 -0.0582136 -0.164649
0.232209 -0.966806 0.106609 -0.293096
-0.0320735 -0.117157 -0.992595 0.44589
0 0 0 1
0.969782 0.236187 -0.0611534 -0.164843
0.24176 -0.964 0.110711 -0.285413
-0.0328034 -0.12215 -0.991969 0.445719
0 0 0 1
0.967332 0.245266 -0.0641316 -0.165037
0.251291 -0.961082 0.114781 -0.277729
-0.0334838 -0.127147 -0.991319 0.445548
0 0 0 1
0.96479 0.254307 -0.0671477 -0.16523
0.260801 -0.958053 0.118819 -0.270046
-0.0341145 -0.132148 -0.990643 0.445376
0 0 0 1
0.962154 0.263309 -0.0702014 -0.165424
0.270289 -0.954913 0.122824 -0.262362
-0.0346955 -0.137151 -0.989942 0.445205
0 0 0 1
0.959426 0.27227 -0.0732924 -0.165618
0.279753 -0.951662 0.126796 -0.254679
-0.0352268 -0.142156 -0.989217 0.445034
0 0 0 1
0.956605 0.28119 -0.0764203 -0.165811
0.289193 -0.948302 0.130735 -0.246996
-0.0357081 -0.147162 -0.988468 0.444863
0 0 0 1
0.953692 0.290067 -0.0795847 -0.166005
0.298607 -0.944831 0.13464 -0.239312
-0.0361396 -0.152169 -0.987693 0.444691
0 0 0 1
0.950687 0.2989 -0.0827852 -0.166199
0.307995 -0.941251 0.13851 -0.231629
-0.0365211 -0.157177 -0.986895 0.44452
0 0 0 1
0.947591 0.307689 -0.0860214 -0.166393
0.317355 -0.937563 0.142345 -0.223945
-0.0368526 -0.162184 -0.986072 0.444349
0 0 0 1
0.944403 0.316432 -0.089293 -0.166586
0.326686 -0.933766 0.146144 -0.216262
-0.037134 -0.16719 -0.985225 0.444178
0 0 0 1
0.941125 0.325128 -0.0925996 -0.16678
0.335986 -0.929861 0.149908 -0.208578
-0.0373653 -0.172195 -0.984354 0.444006
0 0 0 1
0.937757 0.333777 -0.0959408 -0.166974
0.345256 -0.925848 0.153636 -0.200895
-0.0375466 -0.177197 -0.983459 0.443835
0 0 0 1
0.934299 0.342376 -0.0993161 -0.167167
0.354493 -0.921728 0.157326 -0.193211
-0.0376777 -0.182197 -0.98254 0.443664
0 0 0 1
0.930752 0.350926 -0.102725 -0.167361
0.363697 -0.917502 0.16098 -0.185528
-0.0377587 -0.187193 -0.981597 0.443493
0 0 0 1
0.927115 0.359424 -0.106168 -0.167555
0.372867 -0.91317 0.164595 -0.177844
-0.0377895 -0.192185 -0.980631 0.443321
0 0 0 1
0.92339 0.367871 -0.109643 -0.167749
0.382 -0.908732 0.168173 -0.170161
-0.0377701 -0.197173 -0.979641 0.44315
0 0 0 1
0.919577 0.376265 -0.113151 -0.167942
0.391097 -0.904189 0.171712 -0.162477
-0.0377006 -0.202156 -0.978627 0.442979
0 0 0 1
0.915676 0.384605 -0.116691 -0.168136
0.400157 -0.899542 0.175212 -0.154794
-0.0375809 -0.207133 -0.977591 0.442808
0 0 0 1
0.911688 0.39289 -0.120263 -0.16833
0.409177 -0.89479 0.178673 -0.14711
-0.0374111 -0.212103 -0.976531 0.442636
0 0 0 1
0.907613 0.401119 -0.123866 -0.168523
0.418158 -0.889936 0.182094 -0.139427
-0.0371912 -0.217067 -0.975448 0.442465
0 0 0 1
0.903452 0.409291 -0.1275 -0.168717
0.427097 -0.884979 0.185475 -0.131743
-0.0369212 -0.222023 -0.974342 0.442294
0 0 0 1
0.899205 0.417405 -0.131164 -0.168911
0.435995 -0.879919 0.188816 -0.12406
-0.0366012 -0.226971 -0.973214 0.442123
0 0 0 1
0.894873 0.42546 -0.134858 -0.169105
0.444849 -0.874758 0.192115 -0.116376
-0.0362311 -0.23191 -0.972062 0.441951
0 0 0 1
0.890456 0.433456 -0.138582 -0.169298
0.453659 -0.869496 0.195373 -0.108693
-0.035811 -0.23684 -0.970889 0.44178
0 0 0 1
0.885955 0.44139 -0.142335 -0.169492
0.462424 -0.864134 0.198589 -0.101009
-0.0353411 -0.24176 -0.969692 0.441609
0 0 0 1
0.88137 0.449263 -0.146116 -0.169686
0.471142 -0.858672 0.201763 -0.0933259
-0.0348212 -0.246669 -0.968474 0.441438
0 0 0 1
0.876702 0.457073 -0.149926 -0.169879
0.479813 -0.853111 0.204894 -0.0856424
-0.0342516 -0.251568 -0.967233 0.441266
0 0 0 1
0.871951 0.46482 -0.153763 -0.170073
0.488436 -0.847451 0.207983 -0.0779589
-0.0336322 -0.256455 -0.965971 0.441095
0 0 0 1
0.867119 0.472502 -0.157628 -0.170267
0.497009 -0.841694 0.211028 -0.0702754
-0.0329631 -0.261329 -0.964687 0.440924
0 0 0 1
0.862205 0.480119 -0.161519 -0.170461
0.505532 -0.83584 0.21403 -0.0625919
-0.0322445 -0.266191 -0.963381 0.440753
0 0 0 1
0.85721 0.487669 -0.165437 -0.170654
0.514004 -0.82989 0.216988 -0.0549085
-0.0314764 -0.271039 -0.962054 0.440581
0 0 0 1
0.852135 0.495152 -0.169381 -0.170848
0.522423 -0.823844 0.219901 -0.047225
-0.0306588 -0.275874 -0.960705 0.44041
0 0 0 1
0.846981 0.502567 -0.17335 -0.171042
0.530788 -0.817703 0.222769 -0.0395415
-0.029792 -0.280693 -0.959335 0.440239
0 0 0 1
0.841747 0.509913 -0.177344 -0.171235
0.539099 -0.811468 0.225593 -0.031858
-0.0288759 -0.285498 -0.957944 0.440068
0 0 0 1
0.836435 0.517189 -0.181362 -0.171429
0.547355 -0.805139 0.228371 -0.0241745
-0.0279108 -0.290287 -0.956533 0.439896
0 0 0 1
0.831045 0.524394 -0.185404 -0.171623
0.555554 -0.798718 0.231103 -0.016491
-0.0268967 -0.29506 -0.9551 0.439725
0 0 0 1
0.825579 0.531527 -0.18947 -0.171817
0.563695 -0.792206 0.23379 -0.00880756
-0.0258337 -0.299815 -0.953647 0.439554
0 0 0 1
0.820035 0.538588 -0.193559 -0.17201
0.571779 -0.785602 0.23643 -0.00112408
-0.024722 -0.304554 -0.952174 0.439383
0 0 0 1
0.814416 0.545575 -0.19767 -0.172204
0.579802 -0.778908 0.239023 0.00655941
-0.0235617 -0.309274 -0.950681 0.439211
0 0 0 1
0.808722 0.552489 -0.201804 -0.172398
0.587766 -0.772124 0.24157 0.0142429
-0.0223529 -0.313976 -0.949168 0.43904
0 0 0 1
0.802953 0.559327 -0.205958 -0.172591
0.595668 -0.765251 0.244069 0.0219264
-0.0210958 -0.318659 -0.947635 0.438869
0 0 0 1
0.797111 0.56609 -0.210134 -0.172785
0.603508 -0.758291 0.24652 0.0296099
-0.0197906 -0.323322 -0.946082 0.438698
0 0 0 1
0.791196 0.572775 -0.214331 -0.172979
0.611285 -0.751244 0.248924 0.0372933
-0.0184373 -0.327964 -0.94451 0.438526
0 0 0 1
0.785208 0.579384 -0.218547 -0.173173
0.618998 -0.744111 0.251279 0.0449768
-0.0170362 -0.332587 -0.942919 0.438355
0 0 0 1
0.779149 0.585914 -0.222783 -0.173366
0.626645 -0.736892 0.253586 0.0526603
-0.0155874 -0.337187 -0.941309 0.438184
0 0 0 1
0.773018 0.592365 -0.227038 -0.17356
0.634227 -0.729589 0.255844 0.0603438
-0.0140911 -0.341766 -0.939679 0.438013
0 0 0 1
0.766818 0.598737 -0.231311 -0.173754
0.641742 -0.722202 0.258053 0.0680273
-0.0125475 -0.346322 -0.938032 0.437841
0 0 0 1
0.760548 0.605027 -0.235603 -0.173947
0.649189 -0.714732 0.260213 0.0757108
-0.0109568 -0.350856 -0.936365 0.43767
0 0 0 1
0.754209 0.611237 -0.239912 -0.174141
0.656568 -0.707181 0.262324 0.0833942
-0.00931904 -0.355366 -0.934681 0.437499
0 0 0 1
0.747803 0.617364 -0.244238 -0.174335
0.663877 -0.699549 0.264385 0.0910777
-0.00763457 -0.359851 -0.932978 0.437328
0 0 0 1
0.741329 0.623409 -0.24858 -0.174529
0.671116 -0.691836 0.266395 0.0987612
-0.00590355 -0.364312 -0.931258 0.437156
0 0 0 1
0.734789 0.62937 -0.252938 -0.174722
0.678283 -0.684045 0.268356 0.106445
-0.00412617 -0.368749 -0.92952 0.436985
0 0 0 1
0.728184 0.635247 -0.257312 -0.174916
0.685378 -0.676175 0.270265 0.114128
-0.00230266 -0.373159 -0.927765 0.436814
0 0 0 1
0.721513 0.641039 -0.261701 -0.17511
0.692401 -0.668229 0.272125 0.121812
-0.000433226 -0.377543 -0.925992 0.436643
0 0 0 1
0.714779 0.646746 -0.266103 -0.175303
0.699349 -0.660206 0.273933 0.129495
0.0014819 -0.381901 -0.924202 0.436471
0 0 0 1
0.707981 0.652366 -0.27052 -0.175497
0.706223 -0.652107 0.27569 0.137179
0.00344249 -0.386231 -0.922396 0.4363
0 0 0 1
0.701121 0.657899 -0.27495 -0.175691
0.713021 -0.643935 0.277396 0.144862
0.00544831 -0.390533 -0.920573 0.436129
0 0 0 1
0.694199 0.663345 -0.279393 -0.175885
0.719744 -0.635689 0.27905 0.152546
0.00749913 -0.394807 -0.918733 0.435958
0 0 0 1
0.687217 0.668702 -0.283848 -0.176078
0.726389 -0.627371 0.280652 0.160229
0.00959469 -0.399053 -0.916878 0.435786
0 0 0 1
0.680175 0.673971 -0.288315 -0.176272
0.732956 -0.618981 0.282202 0.167913
0.0117347 -0.403269 -0.915006 0.435615
0 0 0 1
0.673073 0.67915 -0.292793 -0.176466
0.739445 -0.610521 0.283701 0.175596
0.013919 -0.407455 -0.913119 0.435444
0 0 0 1
0.665914 0.684239 -0.297281 -0.176659
0.745854 -0.601991 0.285146 0.18328
0.0161473 -0.411611 -0.911216 0.435273
0 0 0 1
0.658697 0.689237 -0.30178 -0.176853
0.752183 -0.593393 0.28654 0.190963
0.0184193 -0.415737 -0.909298 0.435101
0 0 0 1
0.651423 0.694143 -0.306288 -0.177047
0.758431 -0.584728 0.28788 0.198646
0.0207347 -0.419831 -0.907366 0.43493
0 0 0 1
0.644094 0.698958 -0.310806 -0.177241
0.764597 -0.575997 0.289168 0.20633
0.0230933 -0.423893 -0.905418 0.434759
0 0 0 1
0.636711 0.70368 -0.315332 -0.177434
0.770681 -0.5672 0.290403 0.214013
0.0254948 -0.427923 -0.903456 0.434588
0 0 0 1
0.629273 0.708309 -0.319865 -0.177628
0.776682 -0.55834 0.291585 0.221697
0.0279389 -0.43192 -0.901479 0.434416
0 0 0 1
0.621782 0.712845 -0.324406 -0.177822
0.782599 -0.549416 0.292713 0.22938
0.0304253 -0.435884 -0.899488 0.434245
0 0 0 1
0.614239 0.717286 -0.328954 -0.178015
0.788431 -0.54043 0.293789 0.237064
0.0329536 -0.439815 -0.897484 0.434074
0 0 0 1
0.606645 0.721632 -0.333509 -0.178209
0.794178 -0.531383 0.29481 0.244747
0.0355237 -0.443711 -0.895466 0.433903
0 0 0 1
0.599001 0.725884 -0.338069 -0.178403
0.79984 -0.522276 0.295778 0.252431
0.0381352 -0.447572 -0.893434 0.433731
0 0 0 1
0.591308 0.730039 -0.342634 -0.178597
0.805414 -0.51311 0.296692 0.260114
0.0407878 -0.451399 -0.89139 0.43356
0 0 0 1
0.583565 0.734098 -0.347204 -0.17879
0.810901 -0.503887 0.297552 0.267798
0.0434811 -0.45519 -0.889332 0.433389
0 0 0 1
0.575776 0.738061 -0.351778 -0.178984
0.8163 -0.494607 0.298359 0.275481
0.0462149 -0.458945 -0.887262 0.433218
0 0 0 1
0.56794 0.741926 -0.356356 -0.179178
0.821611 -0.485271 0.299111 0.283165
0.0489888 -0.462663 -0.88518 0.433046
0 0 0 1
