-2.00662 -1.24424 -2.15088 -2.74419 2.69968 -2.94951
-2.0308 -1.24025 -2.14097 -2.73196 2.67323 -2.92819
-2.05464 -1.23733 -2.13047 -2.72163 2.64691 -2.90961
-2.07814 -1.23534 -2.11946 -2.71283 2.62079 -2.89337
-2.10127 -1.23415 -2.10801 -2.70529 2.5949 -2.87911
-2.12404 -1.23369 -2.09616 -2.69878 2.56927 -2.86657
-2.14643 -1.23386 -2.08396 -2.69311 2.54393 -2.85551
-2.16845 -1.23459 -2.07146 -2.68813 2.51891 -2.84576
-2.19009 -1.23584 -2.05868 -2.68372 2.49421 -2.83716
-2.21135 -1.23754 -2.04566 -2.67976 2.46987 -2.82958
-2.23222 -1.23965 -2.03242 -2.67619 2.44588 -2.8229
-2.25272 -1.24214 -2.01899 -2.67291 2.42226 -2.81704
-2.27284 -1.24497 -2.00539 -2.66986 2.39901 -2.81192
-2.29258 -1.2481 -1.99164 -2.66701 2.37614 -2.80746
-2.31195 -1.25152 -1.97775 -2.6643 2.35365 -2.80361
-2.33095 -1.25519 -1.96374 -2.66169 2.33155 -2.80032
-2.34959 -1.25911 -1.94962 -2.65916 2.30983 -2.79754
-2.36787 -1.26323 -1.9354 -2.65667 2.2885 -2.79523
-2.3858 -1.26756 -1.92111 -2.65421 2.26755 -2.79337
-2.40338 -1.27207 -1.90674 -2.65175 2.24699 -2.79191
-2.42063 -1.27674 -1.8923 -2.64927 2.2268 -2.79083
-2.43754 -1.28157 -1.87781 -2.64676 2.207 -2.79011
-2.45412 -1.28655 -1.86327 -2.64421 2.18757 -2.78973
-2.47038 -1.29165 -1.8487 -2.6416 2.16851 -2.78966
-2.48634 -1.29688 -1.83409 -2.63892 2.14982 -2.7899
-2.50199 -1.30222 -1.81946 -2.63617 2.13149 -2.79042
-2.51734 -1.30767 -1.8048 -2.63333 2.11352 -2.79121
-2.5324 -1.31321 -1.79014 -2.63041 2.09591 -2.79226
-2.54718 -1.31884 -1.77546 -2.62738 2.07865 -2.79355
-2.56168 -1.32455 -1.76078 -2.62425 2.06174 -2.79508
-2.57592 -1.33034 -1.74611 -2.62101 2.04517 -2.79684
-2.5899 -1.3362 -1.73144 -2.61766 2.02894 -2.79882
-2.60362 -1.34213 -1.71678 -2.61419 2.01304 -2.80101
-2.6171 -1.34812 -1.70213 -2.61059 1.99748 -2.8034
-2.63033 -1.35417 -1.68751 -2.60687 1.98224 -2.80598
-2.64334 -1.36027 -1.6729 -2.60302 1.96732 -2.80876
-2.65612 -1.36642 -1.65832 -2.59904 1.95272 -2.81171
-2.66867 -1.37262 -1.64377 -2.59493 1.93843 -2.81485
-2.68102 -1.37886 -1.62926 -2.59068 1.92446 -2.81815
-2.69315 -1.38515 -1.61478 -2.58629 1.91079 -2.82162
-2.70509 -1.39147 -1.60034 -2.58175 1.89743 -2.82526
-2.71683 -1.39783 -1.58594 -2.57707 1.88436 -2.82905
-2.72838 -1.40422 -1.57158 -2.57225 1.87159 -2.83299
-2.73974 -1.41064 -1.55727 -2.56728 1.85912 -2.83709
-2.75093 -1.4171 -1.54301 -2.56216 1.84693 -2.84132
-2.76194 -1.42358 -1.5288 -2.55689 1.83504 -2.8457
-2.77279 -1.43009 -1.51465 -2.55147 1.82343 -2.85022
-2.78347 -1.43662 -1.50055 -2.5459 1.8121 -2.85487
-2.79399 -1.44318 -1.48651 -2.54017 1.80105 -2.85965
-2.80435 -1.44976 -1.47253 -2.53429 1.79028 -2.86456
-2.81457 -1.45637 -1.45861 -2.52825 1.77978 -2.86959
-2.82464 -1.463 -1.44475 -2.52206 1.76956 -2.87474
-2.83457 -1.46964 -1.43096 -2.51571 1.75961 -2.88001
-2.84436 -1.47631 -1.41724 -2.5092 1.74992 -2.88538
-2.85402 -1.483 -1.40358 -2.50253 1.74051 -2.89087
-2.86355 -1.48971 -1.38999 -2.49571 1.73135 -2.89647
-2.87296 -1.49644 -1.37647 -2.48873 1.72247 -2.90217
-2.88224 -1.50318 -1.36302 -2.48159 1.71384 -2.90797
-2.8914 -1.50995 -1.34964 -2.4743 1.70547 -2.91386
-2.90044 -1.51673 -1.33634 -2.46684 1.69737 -2.91985
-2.90938 -1.52353 -1.32311 -2.45923 1.68952 -2.92593
-2.9182 -1.53036 -1.30995 -2.45147 1.68192 -2.93209
-2.92692 -1.5372 -1.29686 -2.44355 1.67458 -2.93834
-2.93553 -1.54406 -1.28385 -2.43548 1.66749 -2.94466
-2.94404 -1.55094 -1.27091 -2.42725 1.66066 -2.95106
-2.95245 -1.55785 -1.25805 -2.41887 1.65407 -2.95753
-2.96077 -1.56477 -1.24526 -2.41034 1.64774 -2.96408
-2.96899 -1.57172 -1.23254 -2.40166 1.64165 -2.97068
-2.97712 -1.57869 -1.21989 -2.39283 1.63581 -2.97735
-2.98516 -1.58568 -1.20731 -2.38386 1.63021 -2.98407
-2.99312 -1.5927 -1.19481 -2.37475 1.62486 -2.99085
-3.00099 -1.59974 -1.18237 -2.36549 1.61976 -2.99768
-3.00877 -1.60681 -1.17 -2.3561 1.61489 -3.00455
-3.01648 -1.61391 -1.1577 -2.34657 1.61027 -3.01147
-3.0241 -1.62104 -1.14546 -2.3369 1.60588 -3.01842
-3.03165 -1.6282 -1.13328 -2.3271 1.60173 -3.0254
-3.03912 -1.63539 -1.12117 -2.31718 1.59782 -3.03242
-3.04652 -1.64261 -1.10911 -2.30713 1.59415 -3.03946
-3.05384 -1.64987 -1.0971 -2.29696 1.59071 -3.04652
-3.06109 -1.65717 -1.08515 -2.28666 1.5875 -3.0536
-3.06827 -1.6645 -1.07325 -2.27626 1.58452 -3.06069
-3.07538 -1.67188 -1.06139 -2.26574 1.58178 -3.06779
-3.08242 -1.67929 -1.04958 -2.25512 1.57926 -3.07489
-3.0894 -1.68675 -1.03781 -2.24439 1.57697 -3.082
-3.09631 -1.69426 -1.02607 -2.23357 1.5749 -3.08909
-3.10315 -1.70182 -1.01436 -2.22264 1.57306 -3.09619
-3.10994 -1.70943 -1.00267 -2.21163 1.57144 -3.10326
-3.11665 -1.71709 -0.991013 -2.20054 1.57003 -3.11032
-3.12331 -1.72481 -0.979367 -2.18936 1.56885 -3.11736
-3.12991 -1.73258 -0.967733 -2.17811 1.56788 -3.12437
-3.13644 -1.74042 -0.956103 -2.16678 1.56712 -3.13136
3.14027 -1.74833 -0.944473 -2.15539 1.56658 -3.13831
3.13385 -1.7563 -0.932835 -2.14394 1.56624 3.13797
3.12749 -1.76434 -0.921183 -2.13243 1.56612 3.1311
3.12119 -1.77246 -0.909511 -2.12088 1.56619 3.12428
3.11495 -1.78065 -0.89781 -2.10928 1.56647 3.11751
3.10876 -1.78893 -0.886073 -2.09765 1.56695 3.1108
3.10263 -1.79729 -0.874292 -2.08598 1.56762 3.10415
3.09656 -1.80575 -0.862457 -2.07429 1.56849 3.09755
3.09054 -1.81429 -0.850559 -2.06258 1.56955 3.09103
3.08458 -1.82294 -0.83859 -2.05086 1.5708 3.08458
3.08458 -1.82294 -0.838589 -2.05086 1.5708 3.08458
3.07985 -1.81844 -0.848752 -2.0452 1.5708 3.07985
3.0751 -1.81403 -0.85875 -2.03961 1.5708 3.0751
3.07034 -1.80972 -0.868588 -2.03408 1.5708 3.07034
3.06555 -1.8055 -0.878272 -2.02862 1.5708 3.06555
3.06075 -1.80137 -0.887807 -2.02321 1.5708 3.06075
3.05593 -1.79733 -0.897195 -2.01787 1.5708 3.05593
3.05109 -1.79337 -0.906443 -2.01258 1.5708 3.05109
3.04623 -1.7895 -0.915553 -2.00734 1.5708 3.04623
3.04136 -1.78571 -0.924529 -2.00215 1.5708 3.04136
3.03647 -1.782 -0.933375 -1.99702 1.5708 3.03647
3.03156 -1.77837 -0.942094 -1.99193 1.5708 3.03156
3.02663 -1.77482 -0.950688 -1.98688 1.5708 3.02663
3.02169 -1.77134 -0.959162 -1.98188 1.5708 3.02169
3.01673 -1.76794 -0.967518 -1.97693 1.5708 3.01673
3.01175 -1.76462 -0.975759 -1.97201 1.5708 3.01175
3.00675 -1.76137 -0.983886 -1.96713 1.5708 3.00675
3.00174 -1.75819 -0.991903 -1.96229 1.5708 3.00174
2.99672 -1.75509 -0.999811 -1.95749 1.5708 2.99672
2.99167 -1.75205 -1.00761 -1.95272 1.5708 2.99167
2.98661 -1.74909 -1.01531 -1.94799 1.5708 2.98661
2.98154 -1.74619 -1.02291 -1.94329 1.5708 2.98154
2.97645 -1.74336 -1.0304 -1.93862 1.5708 2.97645
2.97135 -1.7406 -1.0378 -1.93398 1.5708 2.97135
2.96623 -1.73791 -1.0451 -1.92937 1.5708 2.96623
2.96109 -1.73528 -1.05231 -1.9248 1.5708 2.96109
2.95594 -1.73272 -1.05942 -1.92024 1.5708 2.95594
2.95078 -1.73023 -1.06644 -1.91572 1.5708 2.95078
2.9456 -1.7278 -1.07337 -1.91122 1.5708 2.9456
2.94041 -1.72543 -1.08021 -1.90675 1.5708 2.94041
2.93521 -1.72313 -1.08697 -1.9023 1.5708 2.93521
2.92999 -1.72088 -1.09363 -1.89787 1.5708 2.92999
2.92476 -1.71871 -1.10021 -1.89347 1.5708 2.92476
2.91952 -1.71659 -1.10671 -1.88909 1.5708 2.91952
2.91426 -1.71453 -1.11313 -1.88473 1.5708 2.91426
2.90899 -1.71254 -1.11946 -1.88039 1.5708 2.90899
2.90371 -1.71061 -1.12571 -1.87607 1.5708 2.90371
2.89842 -1.70874 -1.13188 -1.87177 1.5708 2.89842
2.89312 -1.70692 -1.13797 -1.86749 1.5708 2.89312
2.8878 -1.70517 -1.14399 -1.86323 1.5708 2.8878
2.88248 -1.70348 -1.14993 -1.85899 1.5708 2.88248
2.87714 -1.70184 -1.15579 -1.85476 1.5708 2.87714
2.8718 -1.70027 -1.16157 -1.85055 1.5708 2.8718
2.86644 -1.69875 -1.16728 -1.84636 1.5708 2.86644
2.86108 -1.69729 -1.17292 -1.84218 1.5708 2.86108
2.8557 -1.69589 -1.17848 -1.83802 1.5708 2.8557
2.85032 -1.69455 -1.18397 -1.83387 1.5708 2.85032
2.84493 -1.69327 -1.18939 -1.82973 1.5708 2.84493
2.83952 -1.69204 -1.19474 -1.82562 1.5708 2.83952
2.83412 -1.69087 -1.20001 -1.82151 1.5708 2.83412
2.8287 -1.68975 -1.20522 -1.81742 1.5708 2.8287
2.82327 -1.68869 -1.21036 -1.81334 1.5708 2.82327
2.81784 -1.68769 -1.21542 -1.80927 1.5708 2.81784
2.8124 -1.68675 -1.22042 -1.80522 1.5708 2.8124
2.80696 -1.68586 -1.22535 -1.80118 1.5708 2.80696
2.80151 -1.68503 -1.23022 -1.79715 1.5708 2.80151
2.79605 -1.68425 -1.23501 -1.79313 1.5708 2.79605
2.79059 -1.68353 -1.23974 -1.78912 1.5708 2.79059
2.78512 -1.68286 -1.24441 -1.78512 1.5708 2.78512
2.77965 -1.68225 -1.249 -1.78114 1.5708 2.77965
2.77417 -1.68169 -1.25354 -1.77716 1.5708 2.77417
2.76869 -1.68119 -1.25801 -1.7732 1.5708 2.76869
2.7632 -1.68074 -1.26241 -1.76924 1.5708 2.7632
2.75772 -1.68034 -1.26675 -1.7653 1.5708 2.75772
2.75222 -1.68001 -1.27102 -1.76136 1.5708 2.75222
2.74673 -1.67972 -1.27523 -1.75744 1.5708 2.74673
2.74123 -1.67949 -1.27938 -1.75352 1.5708 2.74123
2.73573 -1.67931 -1.28347 -1.74961 1.5708 2.73573
2.73023 -1.67919 -1.28749 -1.74572 1.5708 2.73023
2.72473 -1.67911 -1.29145 -1.74183 1.5708 2.72473
2.71922 -1.6791 -1.29535 -1.73795 1.5708 2.71922
2.71372 -1.67913 -1.29918 -1.73408 1.5708 2.71372
2.70821 -1.67922 -1.30295 -1.73021 1.5708 2.70821
2.7027 -1.67936 -1.30667 -1.72636 1.5708 2.7027
2.6972 -1.67955 -1.31032 -1.72252 1.5708 2.6972
2.69169 -1.6798 -1.31391 -1.71868 1.5708 2.69169
2.68619 -1.6801 -1.31744 -1.71485 1.5708 2.68619
2.68068 -1.68045 -1.32091 -1.71103 1.5708 2.68068
2.67518 -1.68085 -1.32432 -1.70722 1.5708 2.67518
2.66968 -1.68131 -1.32766 -1.70342 1.5708 2.66968
2.66418 -1.68181 -1.33095 -1.69962 1.5708 2.66418
2.65868 -1.68237 -1.33418 -1.69584 1.5708 2.65868
2.65319 -1.68298 -1.33735 -1.69206 1.5708 2.65319
2.6477 -1.68364 -1.34046 -1.68829 1.5708 2.6477
2.64221 -1.68435 -1.34351 -1.68453 1.5708 2.64221
2.63673 -1.68511 -1.3465 -1.68078 1.5708 2.63673
2.63125 -1.68592 -1.34943 -1.67704 1.5708 2.63125
2.62577 -1.68679 -1.3523 -1.6733 1.5708 2.62577
2.6203 -1.6877 -1.35511 -1.66958 1.5708 2.6203
2.61484 -1.68866 -1.35787 -1.66586 1.5708 2.61484
2.60938 -1.68968 -1.36056 -1.66215 1.5708 2.60938
2.60392 -1.69074 -1.3632 -1.65845 1.5708 2.60392
2.59847 -1.69185 -1.36578 -1.65476 1.5708 2.59847
2.59303 -1.69302 -1.3683 -1.65108 1.5708 2.59303
2.5876 -1.69423 -1.37076 -1.6474 1.5708 2.5876
2.58217 -1.69549 -1.37316 -1.64374 1.5708 2.58217
2.57674 -1.6968 -1.3755 -1.64009 1.5708 2.57674
2.57133 -1.69816 -1.37779 -1.63644 1.5708 2.57133
2.56592 -1.69957 -1.38002 -1.63281 1.5708 2.56592
2.56052 -1.70102 -1.38219 -1.62918 1.5708 2.56052
2.55513 -1.70253 -1.3843 -1.62557 1.5708 2.55513
2.55513 -1.70253 -1.3843 -1.62557 1.5708 2.55513
2.55513 -1.70222 -1.39103 -1.61914 1.5708 2.55513
2.55513 -1.70195 -1.39771 -1.61273 1.5708 2.55513
2.55513 -1.70172 -1.40435 -1.60632 1.5708 2.55513
2.55513 -1.70153 -1.41095 -1.59992 1.5708 2.55513
2.55513 -1.70137 -1.41749 -1.59352 1.5708 2.55513
2.55513 -1.70125 -1.424 -1.58714 1.5708 2.55513
2.55513 -1.70118 -1.43046 -1.58075 1.5708 2.55513
2.55513 -1.70114 -1.43688 -1.57438 1.5708 2.55513
2.55513 -1.70113 -1.44325 -1.56801 1.5708 2.55513
2.55513 -1.70117 -1.44958 -1.56164 1.5708 2.55513
2.55513 -1.70124 -1.45587 -1.55528 1.5708 2.55513
2.55513 -1.70135 -1.46211 -1.54892 1.5708 2.55513
2.55513 -1.7015 -1.46832 -1.54257 1.5708 2.55513
2.55513 -1.70169 -1.47448 -1.53622 1.5708 2.55513
2.55513 -1.70191 -1.4806 -1.52988 1.5708 2.55513
2.55513 -1.70217 -1.48668 -1.52354 1.5708 2.55513
2.55513 -1.70247 -1.49272 -1.5172 1.5708 2.55513
2.55513 -1.7028 -1.49872 -1.51087 1.5708 2.55513
2.55513 -1.70317 -1.50467 -1.50454 1.5708 2.55513
2.55513 -1.70358 -1.51059 -1.49821 1.5708 2.55513
2.55513 -1.70403 -1.51647 -1.49189 1.5708 2.55513
2.55513 -1.70451 -1.52231 -1.48557 1.5708 2.55513
2.55513 -1.70503 -1.52811 -1.47925 1.5708 2.55513
2.55513 -1.70559 -1.53387 -1.47293 1.5708 2.55513
2.55513 -1.70618 -1.53959 -1.46661 1.5708 2.55513
2.55513 -1.70681 -1.54528 -1.4603 1.5708 2.55513
2.55513 -1.70748 -1.55092 -1.45398 1.5708 2.55513
2.55513 -1.70818 -1.55653 -1.44767 1.5708 2.55513
2.55513 -1.70892 -1.5621 -1.44136 1.5708 2.55513
2.55513 -1.7097 -1.56763 -1.43505 1.5708 2.55513
2.55513 -1.71052 -1.57313 -1.42874 1.5708 2.55513
2.55513 -1.71137 -1.57859 -1.42244 1.5708 2.55513
2.55513 -1.71226 -1.58401 -1.41613 1.5708 2.55513
2.55513 -1.71318 -1.58939 -1.40982 1.5708 2.55513
2.55513 -1.71414 -1.59473 -1.40351 1.5708 2.55513
2.55513 -1.71514 -1.60004 -1.39721 1.5708 2.55513
2.55513 -1.71617 -1.60531 -1.3909 1.5708 2.55513
2.55513 -1.71725 -1.61055 -1.38459 1.5708 2.55513
2.55513 -1.71835 -1.61575 -1.37828 1.5708 2.55513
2.55513 -1.7195 -1.62091 -1.37198 1.5708 2.55513
2.55513 -1.72068 -1.62604 -1.36567 1.5708 2.55513
2.55513 -1.7219 -1.63113 -1.35936 1.5708 2.55513
2.55513 -1.72315 -1.63619 -1.35305 1.5708 2.55513
2.55513 -1.72445 -1.6412 -1.34674 1.5708 2.55513
2.55513 -1.72577 -1.64619 -1.34043 1.5708 2.55513
2.55513 -1.72714 -1.65113 -1.33411 1.5708 2.55513
2.55513 -1.72854 -1.65605 -1.3278 1.5708 2.55513
2.55513 -1.72998 -1.66092 -1.32149 1.5708 2.55513
2.55513 -1.73146 -1.66576 -1.31517 1.5708 2.55513
2.55513 -1.73297 -1.67057 -1.30885 1.5708 2.55513
2.55513 -1.73452 -1.67534 -1.30253 1.5708 2.55513
2.55513 -1.7361 -1.68007 -1.29621 1.5708 2.55513
2.55513 -1.73773 -1.68477 -1.28989 1.5708 2.55513
2.55513 -1.73939 -1.68944 -1.28357 1.5708 2.55513
2.55513 -1.74108 -1.69406 -1.27724 1.5708 2.55513
2.55513 -1.74282 -1.69866 -1.27091 1.5708 2.55513
2.55513 -1.74459 -1.70322 -1.26458 1.5708 2.55513
2.55513 -1.7464 -1.70774 -1.25825 1.5708 2.55513
2.55513 -1.74824 -1.71223 -1.25192 1.5708 2.55513
2.55513 -1.75012 -1.71668 -1.24559 1.5708 2.55513
2.55513 -1.75204 -1.7211 -1.23925 1.5708 2.55513
2.55513 -1.75399 -1.72548 -1.23291 1.5708 2.55513
2.55513 -1.75599 -1.72983 -1.22657 1.5708 2.55513
2.55513 -1.75802 -1.73415 -1.22023 1.5708 2.55513
2.55513 -1.76008 -1.73843 -1.21388 1.5708 2.55513
2.55513 -1.76218 -1.74267 -1.20754 1.5708 2.55513
2.55513 -1.76432 -1.74688 -1.20119 1.5708 2.55513
2.55513 -1.7665 -1.75105 -1.19484 1.5708 2.55513
2.55513 -1.76871 -1.75519 -1.18848 1.5708 2.55513
2.55513 -1.77097 -1.7593 -1.18213 1.5708 2.55513
2.55513 -1.77325 -1.76336 -1.17577 1.5708 2.55513
2.55513 -1.77558 -1.7674 -1.16941 1.5708 2.55513
2.55513 -1.77794 -1.7714 -1.16305 1.5708 2.55513
2.55513 -1.78034 -1.77536 -1.15669 1.5708 2.55513
2.55513 -1.78277 -1.77929 -1.15032 1.5708 2.55513
2.55513 -1.78525 -1.78319 -1.14396 1.5708 2.55513
2.55513 -1.78776 -1.78704 -1.13759 1.5708 2.55513
2.55513 -1.7903 -1.79087 -1.13122 1.5708 2.55513
2.55513 -1.79289 -1.79466 -1.12485 1.5708 2.55513
2.55513 -1.79551 -1.79841 -1.11847 1.5708 2.55513
2.55513 -1.79817 -1.80213 -1.1121 1.5708 2.55513
2.55513 -1.80086 -1.80581 -1.10572 1.5708 2.55513
2.55513 -1.80359 -1.80946 -1.09934 1.5708 2.55513
2.55513 -1.80636 -1.81307 -1.09296 1.5708 2.55513
2.55513 -1.80916 -1.81665 -1.08658 1.5708 2.55513
2.55513 -1.81201 -1.82019 -1.08019 1.5708 2.55513
2.55513 -1.81488 -1.82369 -1.07381 1.5708 2.55513
2.55513 -1.8178 -1.82717 -1.06743 1.5708 2.55513
2.55513 -1.82075 -1.8306 -1.06104 1.5708 2.55513
2.55513 -1.82374 -1.834 -1.05465 1.5708 2.55513
2.55513 -1.82676 -1.83736 -1.04826 1.5708 2.55513
2.55513 -1.82983 -1.84069 -1.04187 1.5708 2.55513
2.55513 -1.83292 -1.84398 -1.03548 1.5708 2.55513
2.55513 -1.83606 -1.84724 -1.02909 1.5708 2.55513
2.55513 -1.83923 -1.85046 -1.0227 1.5708 2.55513
2.55513 -1.84244 -1.85364 -1.01631 1.5708 2.55513
2.55513 -1.84568 -1.85679 -1.00992 1.5708 2.55513
2.55513 -1.84896 -1.8599 -1.00353 1.5708 2.55513
2.55513 -1.85227 -1.86297 -0.99714 1.5708 2.55513
2.55513 -1.85563 -1.86601 -0.99075 1.5708 2.55513
2.55513 -1.85563 -1.86601 -0.990749 1.5708 2.55513
2.55513 -1.85227 -1.86298 -0.99714 1.5708 2.55513
2.55513 -1.84896 -1.8599 -1.00353 1.5708 2.55513
2.55513 -1.84568 -1.85679 -1.00992 1.5708 2.55513
2.55513 -1.84244 -1.85364 -1.01631 1.5708 2.55513
2.55513 -1.83923 -1.85046 -1.0227 1.5708 2.55513
2.55513 -1.83606 -1.84724 -1.02909 1.5708 2.55513
2.55513 -1.83292 -1.84398 -1.03548 1.5708 2.55513
2.55513 -1.82983 -1.84069 -1.04187 1.5708 2.55513
2.55513 -1.82676 -1.83736 -1.04826 1.5708 2.55513
2.55513 -1.82374 -1.834 -1.05465 1.5708 2.55513
2.55513 -1.82075 -1.8306 -1.06104 1.5708 2.55513
2.55513 -1.8178 -1.82717 -1.06742 1.5708 2.55513
2.55513 -1.81488 -1.8237 -1.07381 1.5708 2.55513
2.55513 -1.81201 -1.82019 -1.08019 1.5708 2.55513
2.55513 -1.80916 -1.81665 -1.08658 1.5708 2.55513
2.55513 -1.80636 -1.81307 -1.09296 1.5708 2.55513
2.55513 -1.80359 -1.80946 -1.09934 1.5708 2.55513
2.55513 -1.80086 -1.80581 -1.10572 1.5708 2.55513
2.55513 -1.79817 -1.80213 -1.1121 1.5708 2.55513
2.55513 -1.79551 -1.79841 -1.11847 1.5708 2.55513
2.55513 -1.79289 -1.79466 -1.12484 1.5708 2.55513
2.55513 -1.7903 -1.79087 -1.13122 1.5708 2.55513
2.55513 -1.78776 -1.78704 -1.13759 1.5708 2.55513
2.55513 -1.78525 -1.78319 -1.14396 1.5708 2.55513
2.55513 -1.78277 -1.77929 -1.15032 1.5708 2.55513
2.55513 -1.78034 -1.77536 -1.15669 1.5708 2.55513
2.55513 -1.77794 -1.7714 -1.16305 1.5708 2.55513
2.55513 -1.77558 -1.7674 -1.16941 1.5708 2.55513
2.55513 -1.77325 -1.76336 -1.17577 1.5708 2.55513
2.55513 -1.77097 -1.7593 -1.18213 1.5708 2.55513
2.55513 -1.76871 -1.75519 -1.18848 1.5708 2.55513
2.55513 -1.7665 -1.75105 -1.19484 1.5708 2.55513
2.55513 -1.76432 -1.74688 -1.20119 1.5708 2.55513
2.55513 -1.76218 -1.74267 -1.20753 1.5708 2.55513
2.55513 -1.76008 -1.73843 -1.21388 1.5708 2.55513
2.55513 -1.75802 -1.73415 -1.22023 1.5708 2.55513
2.55513 -1.75599 -1.72983 -1.22657 1.5708 2.55513
2.55513 -1.75399 -1.72548 -1.23291 1.5708 2.55513
2.55513 -1.75204 -1.7211 -1.23925 1.5708 2.55513
2.55513 -1.75012 -1.71668 -1.24558 1.5708 2.55513
2.55513 -1.74824 -1.71223 -1.25192 1.5708 2.55513
2.55513 -1.7464 -1.70774 -1.25825 1.5708 2.55513
2.55513 -1.74459 -1.70322 -1.26458 1.5708 2.55513
2.55513 -1.74282 -1.69866 -1.27091 1.5708 2.55513
2.55513 -1.74108 -1.69406 -1.27724 1.5708 2.55513
2.55513 -1.73939 -1.68944 -1.28357 1.5708 2.55513
2.55513 -1.73773 -1.68477 -1.28989 1.5708 2.55513
2.55513 -1.7361 -1.68007 -1.29621 1.5708 2.55513
2.55513 -1.73452 -1.67534 -1.30253 1.5708 2.55513
2.55513 -1.73297 -1.67057 -1.30885 1.5708 2.55513
2.55513 -1.73146 -1.66576 -1.31517 1.5708 2.55513
2.55513 -1.72998 -1.66092 -1.32149 1.5708 2.55513
2.55513 -1.72854 -1.65605 -1.3278 1.5708 2.55513
2.55513 -1.72714 -1.65113 -1.33411 1.5708 2.55513
2.55513 -1.72577 -1.64619 -1.34043 1.5708 2.55513
2.55513 -1.72445 -1.6412 -1.34674 1.5708 2.55513
2.55513 -1.72315 -1.63619 -1.35305 1.5708 2.55513
2.55513 -1.7219 -1.63113 -1.35936 1.5708 2.55513
2.55513 -1.72068 -1.62604 -1.36567 1.5708 2.55513
2.55513 -1.7195 -1.62091 -1.37198 1.5708 2.55513
2.55513 -1.71835 -1.61575 -1.37828 1.5708 2.55513
2.55513 -1.71725 -1.61055 -1.38459 1.5708 2.55513
2.55513 -1.71617 -1.60532 -1.3909 1.5708 2.55513
2.55513 -1.71514 -1.60004 -1.39721 1.5708 2.55513
2.55513 -1.71414 -1.59473 -1.40351 1.5708 2.55513
2.55513 -1.71318 -1.58939 -1.40982 1.5708 2.55513
2.55513 -1.71226 -1.58401 -1.41613 1.5708 2.55513
2.55513 -1.71137 -1.57859 -1.42244 1.5708 2.55513
2.55513 -1.71052 -1.57313 -1.42874 1.5708 2.55513
2.55513 -1.7097 -1.56763 -1.43505 1.5708 2.55513
2.55513 -1.70892 -1.5621 -1.44136 1.5708 2.55513
2.55513 -1.70818 -1.55653 -1.44767 1.5708 2.55513
2.55513 -1.70748 -1.55093 -1.45398 1.5708 2.55513
2.55513 -1.70681 -1.54528 -1.4603 1.5708 2.55513
2.55513 -1.70618 -1.5396 -1.46661 1.5708 2.55513
2.55513 -1.70559 -1.53387 -1.47293 1.5708 2.55513
2.55513 -1.70503 -1.52811 -1.47925 1.5708 2.55513
2.55513 -1.70451 -1.52231 -1.48557 1.5708 2.55513
2.55513 -1.70403 -1.51647 -1.49189 1.5708 2.55513
2.55513 -1.70358 -1.51059 -1.49821 1.5708 2.55513
2.55513 -1.70317 -1.50467 -1.50454 1.5708 2.55513
2.55513 -1.7028 -1.49872 -1.51087 1.5708 2.55513
2.55513 -1.70247 -1.49272 -1.5172 1.5708 2.55513
2.55513 -1.70217 -1.48668 -1.52354 1.5708 2.55513
2.55513 -1.70191 -1.4806 -1.52988 1.5708 2.55513
2.55513 -1.70169 -1.47448 -1.53622 1.5708 2.55513
2.55513 -1.7015 -1.46832 -1.54257 1.5708 2.55513
2.55513 -1.70135 -1.46211 -1.54892 1.5708 2.55513
2.55513 -1.70124 -1.45587 -1.55528 1.5708 2.55513
2.55513 -1.70117 -1.44958 -1.56164 1.5708 2.55513
2.55513 -1.70113 -1.44325 -1.56801 1.5708 2.55513
2.55513 -1.70114 -1.43688 -1.57438 1.5708 2.55513
2.55513 -1.70118 -1.43046 -1.58075 1.5708 2.55513
2.55513 -1.70125 -1.424 -1.58713 1.5708 2.55513
2.55513 -1.70137 -1.4175 -1.59352 1.5708 2.55513
2.55513 -1.70153 -1.41095 -1.59992 1.5708 2.55513
2.55513 -1.70172 -1.40435 -1.60632 1.5708 2.55513
2.55513 -1.70195 -1.39771 -1.61273 1.5708 2.55513
2.55513 -1.70222 -1.39103 -1.61914 1.5708 2.55513
2.55513 -1.70253 -1.3843 -1.62556 1.5708 2.55513
2.55513 -1.70253 -1.3843 -1.62557 1.5708 2.55513
2.56052 -1.70102 -1.38219 -1.62918 1.5708 2.56052
2.56592 -1.69957 -1.38002 -1.63281 1.5708 2.56592
2.57133 -1.69816 -1.37779 -1.63644 1.5708 2.57133
2.57674 -1.6968 -1.3755 -1.64009 1.5708 2.57674
2.58217 -1.69549 -1.37316 -1.64374 1.5708 2.58217
2.5876 -1.69423 -1.37076 -1.6474 1.5708 2.5876
2.59303 -1.69302 -1.36829 -1.65108 1.5708 2.59303
2.59847 -1.69185 -1.36578 -1.65476 1.5708 2.59847
2.60392 -1.69074 -1.3632 -1.65845 1.5708 2.60392
2.60938 -1.68968 -1.36056 -1.66215 1.5708 2.60938
2.61484 -1.68866 -1.35787 -1.66586 1.5708 2.61484
2.6203 -1.6877 -1.35511 -1.66958 1.5708 2.6203
2.62577 -1.68679 -1.3523 -1.6733 1.5708 2.62577
2.63125 -1.68592 -1.34943 -1.67704 1.5708 2.63125
2.63673 -1.68511 -1.3465 -1.68078 1.5708 2.63673
2.64221 -1.68435 -1.34351 -1.68453 1.5708 2.64221
2.6477 -1.68364 -1.34046 -1.68829 1.5708 2.6477
2.65319 -1.68298 -1.33735 -1.69206 1.5708 2.65319
2.65868 -1.68237 -1.33418 -1.69584 1.5708 2.65868
2.66418 -1.68181 -1.33095 -1.69963 1.5708 2.66418
2.66968 -1.68131 -1.32766 -1.70342 1.5708 2.66968
2.67518 -1.68085 -1.32431 -1.70722 1.5708 2.67518
2.68068 -1.68045 -1.32091 -1.71103 1.5708 2.68068
2.68619 -1.6801 -1.31744 -1.71485 1.5708 2.68619
2.69169 -1.6798 -1.31391 -1.71868 1.5708 2.69169
2.6972 -1.67955 -1.31032 -1.72252 1.5708 2.6972
2.70271 -1.67936 -1.30667 -1.72636 1.5708 2.70271
2.70821 -1.67922 -1.30295 -1.73022 1.5708 2.70821
2.71372 -1.67913 -1.29918 -1.73408 1.5708 2.71372
2.71922 -1.6791 -1.29534 -1.73795 1.5708 2.71922
2.72473 -1.67911 -1.29144 -1.74183 1.5708 2.72473
2.73023 -1.67919 -1.28749 -1.74572 1.5708 2.73023
2.73573 -1.67931 -1.28346 -1.74962 1.5708 2.73573
2.74123 -1.67949 -1.27938 -1.75352 1.5708 2.74123
2.74673 -1.67972 -1.27523 -1.75744 1.5708 2.74673
2.75223 -1.68001 -1.27102 -1.76137 1.5708 2.75223
2.75772 -1.68035 -1.26674 -1.7653 1.5708 2.75772
2.76321 -1.68074 -1.2624 -1.76925 1.5708 2.76321
2.76869 -1.68119 -1.258 -1.7732 1.5708 2.76869
2.77418 -1.68169 -1.25353 -1.77717 1.5708 2.77418
2.77965 -1.68225 -1.249 -1.78114 1.5708 2.77965
2.78513 -1.68286 -1.2444 -1.78513 1.5708 2.78513
2.79059 -1.68353 -1.23974 -1.78912 1.5708 2.79059
2.79606 -1.68425 -1.23501 -1.79313 1.5708 2.79606
2.80151 -1.68503 -1.23021 -1.79715 1.5708 2.80151
2.80697 -1.68586 -1.22535 -1.80118 1.5708 2.80697
2.81241 -1.68675 -1.22042 -1.80522 1.5708 2.81241
2.81785 -1.68769 -1.21542 -1.80928 1.5708 2.81785
2.82328 -1.6887 -1.21035 -1.81334 1.5708 2.82328
2.8287 -1.68975 -1.20521 -1.81742 1.5708 2.8287
2.83412 -1.69087 -1.20001 -1.82151 1.5708 2.83412
2.83953 -1.69204 -1.19473 -1.82562 1.5708 2.83953
2.84493 -1.69327 -1.18938 -1.82974 1.5708 2.84493
2.85032 -1.69455 -1.18396 -1.83387 1.5708 2.85032
2.85571 -1.69589 -1.17847 -1.83802 1.5708 2.85571
2.86108 -1.6973 -1.17291 -1.84218 1.5708 2.86108
2.86645 -1.69875 -1.16727 -1.84636 1.5708 2.86645
2.8718 -1.70027 -1.16156 -1.85056 1.5708 2.8718
2.87715 -1.70185 -1.15578 -1.85477 1.5708 2.87715
2.88248 -1.70348 -1.14992 -1.85899 1.5708 2.88248
2.88781 -1.70517 -1.14398 -1.86324 1.5708 2.88781
2.89312 -1.70693 -1.13797 -1.8675 1.5708 2.89312
2.89843 -1.70874 -1.13187 -1.87178 1.5708 2.89843
2.90372 -1.71061 -1.1257 -1.87608 1.5708 2.90372
2.909 -1.71254 -1.11945 -1.8804 1.5708 2.909
2.91427 -1.71454 -1.11312 -1.88474 1.5708 2.91427
2.91952 -1.71659 -1.1067 -1.88909 1.5708 2.91952
2.92477 -1.71871 -1.1002 -1.89348 1.5708 2.92477
2.93 -1.72089 -1.09362 -1.89788 1.5708 2.93
2.93522 -1.72313 -1.08696 -1.9023 1.5708 2.93522
2.94042 -1.72543 -1.0802 -1.90675 1.5708 2.94042
2.94561 -1.7278 -1.07336 -1.91123 1.5708 2.94561
2.95079 -1.73023 -1.06643 -1.91573 1.5708 2.95079
2.95595 -1.73273 -1.05941 -1.92025 1.5708 2.95595
2.9611 -1.73529 -1.0523 -1.9248 1.5708 2.9611
2.96623 -1.73792 -1.04509 -1.92938 1.5708 2.96623
2.97135 -1.74061 -1.03779 -1.93399 1.5708 2.97135
2.97646 -1.74337 -1.03039 -1.93863 1.5708 2.97646
2.98155 -1.7462 -1.02289 -1.9433 1.5708 2.98155
2.98662 -1.74909 -1.0153 -1.948 1.5708 2.98662
2.99168 -1.75206 -1.0076 -1.95273 1.5708 2.99168
2.99673 -1.75509 -0.999797 -1.9575 1.5708 2.99673
3.00175 -1.7582 -0.991888 -1.9623 1.5708 3.00175
3.00676 -1.76138 -0.983871 -1.96714 1.5708 3.00676
3.01176 -1.76463 -0.975743 -1.97202 1.5708 3.01176
3.01674 -1.76795 -0.967502 -1.97694 1.5708 3.01674
3.0217 -1.77135 -0.959146 -1.98189 1.5708 3.0217
3.02664 -1.77482 -0.950671 -1.98689 1.5708 3.02664
3.03157 -1.77837 -0.942076 -1.99194 1.5708 3.03157
3.03648 -1.782 -0.933357 -1.99703 1.5708 3.03648
3.04137 -1.78571 -0.92451 -2.00216 1.5708 3.04137
3.04624 -1.7895 -0.915534 -2.00735 1.5708 3.04624
3.0511 -1.79338 -0.906423 -2.01259 1.5708 3.0511
3.05594 -1.79733 -0.897175 -2.01788 1.5708 3.05594
3.06076 -1.80138 -0.887786 -2.02323 1.5708 3.06076
3.06556 -1.80551 -0.878251 -2.02863 1.5708 3.06556
3.07035 -1.80973 -0.868567 -2.03409 1.5708 3.07035
3.07511 -1.81404 -0.858728 -2.03962 1.5708 3.07511
3.07986 -1.81845 -0.848729 -2.04521 1.5708 3.07986
3.08458 -1.82294 -0.838589 -2.05086 1.5708 3.08458
3.09677 -1.81158 -0.853327 -2.04748 1.5708 3.09677
3.10911 -1.80053 -0.86752 -2.04434 1.5708 3.10911
3.1216 -1.78977 -0.881191 -2.04143 1.5708 3.1216
3.13425 -1.77929 -0.894361 -2.03873 1.5708 3.13425
-0.40215 -1.37249 0.907049 -1.10536 -1.5708 2.73944
-0.392027 -1.38241 0.919273 -1.10766 -1.5708 2.74957
-0.381739 -1.39205 0.931048 -1.10979 -1.5708 2.75985
-0.371284 -1.40143 0.942389 -1.11176 -1.5708 2.77031
-0.360661 -1.41054 0.953309 -1.11356 -1.5708 2.78093
-0.349869 -1.4194 0.963821 -1.11522 -1.5708 2.79172
-0.338906 -1.42799 0.973935 -1.11674 -1.5708 2.80269
-0.327773 -1.43633 0.983662 -1.11813 -1.5708 2.81382
-0.316468 -1.44441 0.993011 -1.11939 -1.5708 2.82512
-0.304992 -1.45224 1.00199 -1.12054 -1.5708 2.8366
-0.293343 -1.45982 1.01061 -1.12159 -1.5708 2.84825
-0.281523 -1.46714 1.01888 -1.12253 -1.5708 2.86007
-0.26953 -1.47421 1.0268 -1.12338 -1.5708 2.87206
-0.257367 -1.48103 1.03438 -1.12414 -1.5708 2.88423
-0.245033 -1.4876 1.04162 -1.12482 -1.5708 2.89656
-0.232529 -1.49391 1.04854 -1.12543 -1.5708 2.90906
-0.219857 -1.49997 1.05513 -1.12596 -1.5708 2.92174
-0.207018 -1.50577 1.06141 -1.12644 -1.5708 2.93457
-0.194013 -1.51132 1.06737 -1.12685 -1.5708 2.94758
-0.180846 -1.51661 1.07303 -1.12721 -1.5708 2.96075
-0.167517 -1.52165 1.07838 -1.12752 -1.5708 2.97408
-0.15403 -1.52643 1.08342 -1.12779 -1.5708 2.98756
-0.140388 -1.53095 1.08817 -1.12802 -1.5708 3.0012
-0.126593 -1.53521 1.09262 -1.12821 -1.5708 3.015
-0.11265 -1.53921 1.09678 -1.12837 -1.5708 3.02894
-0.0985623 -1.54295 1.10065 -1.1285 -1.5708 3.04303
-0.0843337 -1.54642 1.10424 -1.12861 -1.5708 3.05726
-0.0699688 -1.54963 1.10753 -1.1287 -1.5708 3.07162
-0.0554723 -1.55258 1.11055 -1.12877 -1.5708 3.08612
-0.0408494 -1.55526 1.11328 -1.12882 -1.5708 3.10074
-0.0261054 -1.55767 1.11574 -1.12887 -1.5708 3.11549
-0.0112459 -1.55981 1.11791 -1.1289 -1.5708 3.13035
0.00372336 -1.56169 1.11981 -1.12892 -1.5708 -3.13787
0.0187961 -1.5633 1.12144 -1.12894 -1.5708 -3.1228
0.0339659 -1.56464 1.12279 -1.12895 -1.5708 -3.10763
0.0492262 -1.56571 1.12386 -1.12895 -1.5708 -3.09237
0.0645702 -1.5665 1.12467 -1.12896 -1.5708 -3.07702
0.0799907 -1.56703 1.1252 -1.12896 -1.5708 -3.0616
0.0954806 -1.56729 1.12545 -1.12896 -1.5708 -3.04611
0.111033 -1.56727 1.12544 -1.12896 -1.5708 -3.03056
0.126639 -1.56699 1.12515 -1.12896 -1.5708 -3.01495
0.142292 -1.56643 1.12459 -1.12896 -1.5708 -2.9993
0.157984 -1.5656 1.12376 -1.12895 -1.5708 -2.98361
0.173708 -1.56451 1.12266 -1.12895 -1.5708 -2.96788
0.189455 -1.56314 1.12128 -1.12893 -1.5708 -2.95214
0.205218 -1.5615 1.11962 -1.12892 -1.5708 -2.93637
0.220988 -1.5596 1.11769 -1.12889 -1.5708 -2.9206
0.236758 -1.55742 1.11549 -1.12886 -1.5708 -2.90483
0.25252 -1.55498 1.113 -1.12882 -1.5708 -2.88907
0.268266 -1.55227 1.11024 -1.12876 -1.5708 -2.87333
0.283989 -1.5493 1.10719 -1.12869 -1.5708 -2.8576
0.299681 -1.54606 1.10386 -1.1286 -1.5708 -2.84191
0.315334 -1.54255 1.10025 -1.12849 -1.5708 -2.82626
0.330942 -1.53879 1.09635 -1.12836 -1.5708 -2.81065
0.346497 -1.53476 1.09216 -1.12819 -1.5708 -2.7951
0.361993 -1.53047 1.08767 -1.12799 -1.5708 -2.7796
0.377422 -1.52593 1.08289 -1.12776 -1.5708 -2.76417
0.392778 -1.52112 1.07781 -1.12749 -1.5708 -2.74881
0.408055 -1.51605 1.07243 -1.12717 -1.5708 -2.73354
0.423247 -1.51073 1.06675 -1.12681 -1.5708 -2.71835
0.438348 -1.50516 1.06075 -1.12639 -1.5708 -2.70325
0.453352 -1.49933 1.05444 -1.12591 -1.5708 -2.68824
0.468255 -1.49324 1.04781 -1.12536 -1.5708 -2.67334
0.483051 -1.4869 1.04086 -1.12475 -1.5708 -2.65854
0.497735 -1.48031 1.03357 -1.12406 -1.5708 -2.64386
0.512304 -1.47346 1.02596 -1.12329 -1.5708 -2.62929
0.526753 -1.46637 1.018 -1.12243 -1.5708 -2.61484
0.541077 -1.45901 1.0097 -1.12148 -1.5708 -2.60052
0.555274 -1.45141 1.00104 -1.12042 -1.5708 -2.58632
0.56934 -1.44355 0.992019 -1.11926 -1.5708 -2.57225
0.583272 -1.43544 0.98263 -1.11798 -1.5708 -2.55832
0.597068 -1.42708 0.972862 -1.11658 -1.5708 -2.54453
0.610723 -1.41845 0.962705 -1.11505 -1.5708 -2.53087
0.624238 -1.40957 0.95215 -1.11337 -1.5708 -2.51736
0.637608 -1.40043 0.941185 -1.11155 -1.5708 -2.50398
0.650833 -1.39102 0.929798 -1.10957 -1.5708 -2.49076
0.66391 -1.38135 0.917975 -1.10742 -1.5708 -2.47768
0.67684 -1.3714 0.905702 -1.10509 -1.5708 -2.46475
0.689619 -1.36118 0.892963 -1.10258 -1.5708 -2.45197
0.702248 -1.35068 0.87974 -1.09986 -1.5708 -2.43934
0.714725 -1.33989 0.866014 -1.09692 -1.5708 -2.42687
0.727051 -1.3288 0.851763 -1.09376 -1.5708 -2.41454
0.739224 -1.31741 0.836964 -1.09035 -1.5708 -2.40237
0.751245 -1.3057 0.82159 -1.08668 -1.5708 -2.39035
0.763114 -1.29367 0.805612 -1.08274 -1.5708 -2.37848
0.77483 -1.2813 0.788996 -1.07849 -1.5708 -2.36676
0.786394 -1.26857 0.771705 -1.07393 -1.5708 -2.3552
0.797806 -1.25548 0.753695 -1.06902 -1.5708 -2.34379
0.809068 -1.24198 0.734918 -1.06373 -1.5708 -2.33253
0.820178 -1.22807 0.715317 -1.05804 -1.5708 -2.32141
0.83114 -1.21371 0.694827 -1.05192 -1.5708 -2.31045
0.841952 -1.19886 0.673371 -1.0453 -1.5708 -2.29964
0.852616 -1.1835 0.650858 -1.03816 -1.5708 -2.28898
0.863134 -1.16755 0.627179 -1.03042 -1.5708 -2.27846
0.873506 -1.15097 0.602201 -1.02203 -1.5708 -2.26809
0.88371 -1.13372 0.575823 -1.0129 -1.5708 -2.25788
0.88984 -1.14454 0.596895 -1.02315 -1.5708 -2.25175
0.896019 -1.15493 0.617117 -1.03299 -1.5708 -2.24557
0.902247 -1.16492 0.636568 -1.04244 -1.5708 -2.23935
0.908523 -1.17455 0.655316 -1.05156 -1.5708 -2.23307
0.914847 -1.18385 0.673417 -1.06037 -1.5708 -2.22675
0.921221 -1.19283 0.690922 -1.06889 -1.5708 -2.22037
0.927643 -1.20152 0.707873 -1.07715 -1.5708 -2.21395
0.934113 -1.20994 0.724308 -1.08517 -1.5708 -2.20748
0.940632 -1.21809 0.740259 -1.09296 -1.5708 -2.20096
0.947199 -1.226 0.755755 -1.10055 -1.5708 -2.19439
0.953814 -1.23368 0.770824 -1.10794 -1.5708 -2.18778
0.960478 -1.24113 0.785488 -1.11515 -1.5708 -2.18111
0.967189 -1.24837 0.799769 -1.12219 -1.5708 -2.1744
0.973948 -1.25541 0.813684 -1.12907 -1.5708 -2.16764
0.980755 -1.26224 0.827252 -1.13581 -1.5708 -2.16084
0.987608 -1.26889 0.840488 -1.1424 -1.5708 -2.15398
0.994509 -1.27535 0.853406 -1.14885 -1.5708 -2.14708
1.00146 -1.28163 0.86602 -1.15518 -1.5708 -2.14014
1.00845 -1.28774 0.87834 -1.16139 -1.5708 -2.13314
1.01549 -1.29368 0.890379 -1.16749 -1.5708 -2.1261
1.02258 -1.29946 0.902146 -1.17348 -1.5708 -2.11902
1.02971 -1.30508 0.913651 -1.17937 -1.5708 -2.11188
1.03688 -1.31054 0.924902 -1.18516 -1.5708 -2.10471
1.04411 -1.31584 0.935908 -1.19086 -1.5708 -2.09749
1.05137 -1.321 0.946675 -1.19647 -1.5708 -2.09022
1.05868 -1.32601 0.957211 -1.202 -1.5708 -2.08291
1.06603 -1.33087 0.967522 -1.20745 -1.5708 -2.07556
1.07343 -1.33559 0.977615 -1.21282 -1.5708 -2.06816
1.08087 -1.34017 0.987494 -1.21812 -1.5708 -2.06073
1.08834 -1.34462 0.997166 -1.22334 -1.5708 -2.05325
1.09586 -1.34892 1.00663 -1.22851 -1.5708 -2.04573
1.10342 -1.3531 1.0159 -1.23361 -1.5708 -2.03817
1.11102 -1.35713 1.02498 -1.23864 -1.5708 -2.03057
1.11866 -1.36104 1.03387 -1.24362 -1.5708 -2.02293
1.12634 -1.36482 1.04257 -1.24855 -1.5708 -2.01525
1.13406 -1.36847 1.05109 -1.25342 -1.5708 -2.00753
1.14181 -1.37199 1.05943 -1.25824 -1.5708 -1.99978
1.1496 -1.37538 1.06759 -1.26301 -1.5708 -1.99199
1.15742 -1.37865 1.07558 -1.26773 -1.5708 -1.98417
1.16528 -1.38179 1.0834 -1.27241 -1.5708 -1.97631
1.17318 -1.38481 1.09106 -1.27704 -1.5708 -1.96842
1.1811 -1.38771 1.09855 -1.28163 -1.5708 -1.96049
1.18906 -1.39049 1.10587 -1.28618 -1.5708 -1.95253
1.19705 -1.39314 1.11304 -1.2907 -1.5708 -1.94454
1.20507 -1.39567 1.12005 -1.29517 -1.5708 -1.93652
1.21312 -1.39809 1.1269 -1.29961 -1.5708 -1.92847
1.2212 -1.40038 1.1336 -1.30402 -1.5708 -1.92039
1.2293 -1.40256 1.14015 -1.30839 -1.5708 -1.91229
1.23744 -1.40462 1.14655 -1.31273 -1.5708 -1.90416
1.24559 -1.40656 1.1528 -1.31704 -1.5708 -1.896
1.25378 -1.40838 1.1589 -1.32131 -1.5708 -1.88782
1.26198 -1.41009 1.16485 -1.32556 -1.5708 -1.87961
1.27021 -1.41168 1.17066 -1.32978 -1.5708 -1.87138
1.27846 -1.41315 1.17633 -1.33398 -1.5708 -1.86314
1.28673 -1.41451 1.18186 -1.33815 -1.5708 -1.85487
1.29501 -1.41576 1.18725 -1.34229 -1.5708 -1.84658
1.30332 -1.41689 1.19249 -1.3464 -1.5708 -1.83827
1.31164 -1.4179 1.1976 -1.35049 -1.5708 -1.82995
1.31998 -1.41881 1.20257 -1.35456 -1.5708 -1.82161
1.32833 -1.4196 1.2074 -1.3586 -1.5708 -1.81326
1.3367 -1.42027 1.2121 -1.36263 -1.5708 -1.80489
1.34508 -1.42084 1.21667 -1.36662 -1.5708 -1.79651
1.35347 -1.42129 1.22109 -1.3706 -1.5708 -1.78813
1.36187 -1.42163 1.22539 -1.37456 -1.5708 -1.77973
1.37027 -1.42186 1.22955 -1.37849 -1.5708 -1.77132
1.37869 -1.42198 1.23358 -1.3824 -1.5708 -1.7629
1.38711 -1.42199 1.23748 -1.38629 -1.5708 -1.75448
1.39554 -1.42188 1.24125 -1.39016 -1.5708 -1.74606
1.40397 -1.42167 1.24489 -1.39401 -1.5708 -1.73763
1.4124 -1.42135 1.2484 -1.39784 -1.5708 -1.7292
1.42083 -1.42092 1.25178 -1.40165 -1.5708 -1.72076
1.42927 -1.42038 1.25503 -1.40544 -1.5708 -1.71233
1.4377 -1.41974 1.25815 -1.40921 -1.5708 -1.70389
1.44613 -1.41898 1.26114 -1.41295 -1.5708 -1.69546
1.45456 -1.41812 1.264 -1.41668 -1.5708 -1.68704
1.46298 -1.41715 1.26674 -1.42038 -1.5708 -1.67861
1.4714 -1.41608 1.26935 -1.42407 -1.5708 -1.6702
1.47981 -1.4149 1.27183 -1.42773 -1.5708 -1.66179
1.48821 -1.41361 1.27419 -1.43137 -1.5708 -1.65339
1.4966 -1.41222 1.27641 -1.43499 -1.5708 -1.64499
1.50498 -1.41072 1.27852 -1.43859 -1.5708 -1.63661
1.51335 -1.40912 1.28049 -1.44217 -1.5708 -1.62824
1.52171 -1.40742 1.28234 -1.44572 -1.5708 -1.61988
1.53005 -1.40561 1.28406 -1.44925 -1.5708 -1.61154
1.53838 -1.4037 1.28566 -1.45275 -1.5708 -1.60321
1.5467 -1.40169 1.28713 -1.45623 -1.5708 -1.5949
1.55499 -1.39958 1.28848 -1.45969 -1.5708 -1.5866
1.56327 -1.39737 1.28969 -1.46312 -1.5708 -1.57832
1.57153 -1.39505 1.29079 -1.46653 -1.5708 -1.57006
1.57977 -1.39264 1.29175 -1.46991 -1.5708 -1.56182
1.58799 -1.39013 1.29259 -1.47326 -1.5708 -1.5536
1.59618 -1.38752 1.29331 -1.47659 -1.5708 -1.54541
1.60436 -1.38481 1.2939 -1.47989 -1.5708 -1.53724
1.61251 -1.382 1.29436 -1.48316 -1.5708 -1.52909
1.62063 -1.3791 1.2947 -1.4864 -1.5708 -1.52096
1.62873 -1.3761 1.29491 -1.48961 -1.5708 -1.51286
1.6368 -1.373 1.29499 -1.49278 -1.5708 -1.50479
1.64485 -1.36981 1.29495 -1.49593 -1.5708 -1.49675
1.65286 -1.36653 1.29478 -1.49905 -1.5708 -1.48873
1.66083 -1.36316 1.29449 -1.50212 -1.5708 -1.48076
1.66083 -1.36356 1.30136 -1.5086 -1.5708 -1.48076
1.66083 -1.36392 1.30818 -1.51506 -1.5708 -1.48076
1.66083 -1.36424 1.31495 -1.52151 -1.5708 -1.48076
1.66083 -1.36452 1.32167 -1.52795 -1.5708 -1.48076
1.66083 -1.36476 1.32834 -1.53438 -1.5708 -1.48076
1.66083 -1.36496 1.33496 -1.5408 -1.5708 -1.48076
1.66083 -1.36512 1.34153 -1.5472 -1.5708 -1.48076
1.66083 -1.36524 1.34805 -1.5536 -1.5708 -1.48076
1.66083 -1.36533 1.35453 -1.55999 -1.5708 -1.48076
1.66083 -1.36537 1.36095 -1.56637 -1.5708 -1.48076
1.66083 -1.36538 1.36733 -1.57275 -1.5708 -1.48076
1.66083 -1.36535 1.37367 -1.57911 -1.5708 -1.48076
1.66083 -1.36528 1.37995 -1.58547 -1.5708 -1.48076
1.66083 -1.36517 1.38619 -1.59182 -1.5708 -1.48076
1.66083 -1.36503 1.39239 -1.59816 -1.5708 -1.48076
1.66083 -1.36485 1.39854 -1.60449 -1.5708 -1.48076
1.66083 -1.36463 1.40465 -1.61082 -1.5708 -1.48076
1.66083 -1.36437 1.41071 -1.61713 -1.5708 -1.48076
1.66083 -1.36408 1.41673 -1.62345 -1.5708 -1.48076
1.66083 -1.36374 1.4227 -1.62975 -1.5708 -1.48076
1.66083 -1.36337 1.42863 -1.63606 -1.5708 -1.48076
1.66083 -1.36297 1.43452 -1.64235 -1.5708 -1.48076
1.66083 -1.36253 1.44037 -1.64864 -1.5708 -1.48076
1.66083 -1.36205 1.44617 -1.65492 -1.5708 -1.48076
1.66083 -1.36153 1.45193 -1.6612 -1.5708 -1.48076
1.66083 -1.36098 1.45766 -1.66748 -1.5708 -1.48076
1.66083 -1.36039 1.46333 -1.67374 -1.5708 -1.48076
1.66083 -1.35976 1.46897 -1.68001 -1.5708 -1.48076
1.66083 -1.3591 1.47457 -1.68627 -1.5708 -1.48076
1.66083 -1.3584 1.48013 -1.69252 -1.5708 -1.48076
1.66083 -1.35766 1.48564 -1.69877 -1.5708 -1.48076
1.66083 -1.35689 1.49112 -1.70502 -1.5708 -1.48076
1.66083 -1.35608 1.49655 -1.71126 -1.5708 -1.48076
1.66083 -1.35524 1.50195 -1.7175 -1.5708 -1.48076
1.66083 -1.35436 1.5073 -1.72374 -1.5708 -1.48076
1.66083 -1.35344 1.51262 -1.72997 -1.5708 -1.48076
1.66083 -1.35249 1.5179 -1.7362 -1.5708 -1.48076
1.66083 -1.3515 1.52314 -1.74243 -1.5708 -1.48076
1.66083 -1.35048 1.52834 -1.74865 -1.5708 -1.48076
1.66083 -1.34942 1.5335 -1.75488 -1.5708 -1.48076
1.66083 -1.34833 1.53862 -1.76109 -1.5708 -1.48076
1.66083 -1.34719 1.54371 -1.76731 -1.5708 -1.48076
1.66083 -1.34603 1.54875 -1.77352 -1.5708 -1.48076
1.66083 -1.34483 1.55376 -1.77973 -1.5708 -1.48076
1.66083 -1.34359 1.55873 -1.78594 -1.5708 -1.48076
1.66083 -1.34231 1.56366 -1.79215 -1.5708 -1.48076
1.66083 -1.341 1.56856 -1.79835 -1.5708 -1.48076
1.66083 -1.33966 1.57342 -1.80455 -1.5708 -1.48076
1.66083 -1.33828 1.57824 -1.81075 -1.5708 -1.48076
1.66083 -1.33686 1.58302 -1.81695 -1.5708 -1.48076
1.66083 -1.33541 1.58777 -1.82315 -1.5708 -1.48076
1.66083 -1.33392 1.59247 -1.82935 -1.5708 -1.48076
1.66083 -1.3324 1.59715 -1.83554 -1.5708 -1.48076
1.66083 -1.33085 1.60178 -1.84173 -1.5708 -1.48076
1.66083 -1.32925 1.60638 -1.84792 -1.5708 -1.48076
1.66083 -1.32762 1.61094 -1.85411 -1.5708 -1.48076
1.66083 -1.32596 1.61546 -1.8603 -1.5708 -1.48076
1.66083 -1.32426 1.61995 -1.86648 -1.5708 -1.48076
1.66083 -1.32253 1.6244 -1.87267 -1.5708 -1.48076
1.66083 -1.32076 1.62882 -1.87885 -1.5708 -1.48076
1.66083 -1.31896 1.63319 -1.88503 -1.5708 -1.48076
1.66083 -1.31712 1.63754 -1.89122 -1.5708 -1.48076
1.66083 -1.31524 1.64184 -1.8974 -1.5708 -1.48076
1.66083 -1.31333 1.64611 -1.90357 -1.5708 -1.48076
1.66083 -1.31139 1.65034 -1.90975 -1.5708 -1.48076
1.66083 -1.30941 1.65454 -1.91593 -1.5708 -1.48076
1.66083 -1.30739 1.6587 -1.9221 -1.5708 -1.48076
1.66083 -1.30534 1.66283 -1.92828 -1.5708 -1.48076
1.66083 -1.30326 1.66691 -1.93445 -1.5708 -1.48076
1.66083 -1.30114 1.67097 -1.94062 -1.5708 -1.48076
1.66083 -1.29899 1.67498 -1.94679 -1.5708 -1.48076
1.66083 -1.2968 1.67896 -1.95296 -1.5708 -1.48076
1.66083 -1.29457 1.68291 -1.95913 -1.5708 -1.48076
1.66083 -1.29231 1.68682 -1.9653 -1.5708 -1.48076
1.66083 -1.29002 1.69069 -1.97147 -1.5708 -1.48076
1.66083 -1.28769 1.69453 -1.97763 -1.5708 -1.48076
1.66083 -1.28533 1.69833 -1.98379 -1.5708 -1.48076
1.66083 -1.28293 1.70209 -1.98996 -1.5708 -1.48076
1.66083 -1.2805 1.70582 -1.99612 -1.5708 -1.48076
1.66083 -1.27803 1.70951 -2.00228 -1.5708 -1.48076
1.66083 -1.27553 1.71317 -2.00844 -1.5708 -1.48076
1.66083 -1.27299 1.71679 -2.01459 -1.5708 -1.48076
1.66083 -1.27042 1.72037 -2.02075 -1.5708 -1.48076
1.66083 -1.26782 1.72392 -2.0269 -1.5708 -1.48076
1.66083 -1.26518 1.72744 -2.03305 -1.5708 -1.48076
1.66083 -1.26251 1.73091 -2.0392 -1.5708 -1.48076
1.66083 -1.2598 1.73435 -2.04535 -1.5708 -1.48076
1.66083 -1.25706 1.73776 -2.0515 -1.5708 -1.48076
1.66083 -1.25428 1.74113 -2.05764 -1.5708 -1.48076
1.66083 -1.25147 1.74446 -2.06378 -1.5708 -1.48076
1.66083 -1.24863 1.74776 -2.06992 -1.5708 -1.48076
1.66083 -1.24575 1.75102 -2.07606 -1.5708 -1.48076
1.66083 -1.24284 1.75424 -2.0822 -1.5708 -1.48076
1.66083 -1.2399 1.75743 -2.08833 -1.5708 -1.48076
1.66083 -1.23692 1.76058 -2.09446 -1.5708 -1.48076
1.66083 -1.23391 1.7637 -2.10059 -1.5708 -1.48076
1.66083 -1.23086 1.76678 -2.10671 -1.5708 -1.48076
1.66083 -1.22778 1.76982 -2.11283 -1.5708 -1.48076
1.66083 -1.22467 1.77283 -2.11895 -1.5708 -1.48076
1.66083 -1.22153 1.77579 -2.12505 -1.5708 -1.48076
1.66083 -1.22468 1.77282 -2.11894 -1.5708 -1.48076
1.66083 -1.22779 1.76981 -2.11282 -1.5708 -1.48076
1.66083 -1.23087 1.76677 -2.1067 -1.5708 -1.48076
1.66083 -1.23391 1.76369 -2.10057 -1.5708 -1.48076
1.66083 -1.23693 1.76057 -2.09444 -1.5708 -1.48076
1.66083 -1.2399 1.75742 -2.08831 -1.5708 -1.48076
1.66083 -1.24285 1.75423 -2.08218 -1.5708 -1.48076
1.66083 -1.24576 1.75101 -2.07605 -1.5708 -1.48076
1.66083 -1.24864 1.74775 -2.06991 -1.5708 -1.48076
1.66083 -1.25148 1.74445 -2.06377 -1.5708 -1.48076
1.66083 -1.25429 1.74112 -2.05763 -1.5708 -1.48076
1.66083 -1.25707 1.73775 -2.05148 -1.5708 -1.48076
1.66083 -1.25981 1.73435 -2.04534 -1.5708 -1.48076
1.66083 -1.26251 1.73091 -2.03919 -1.5708 -1.48076
1.66083 -1.26519 1.72743 -2.03304 -1.5708 -1.48076
1.66083 -1.26783 1.72392 -2.02689 -1.5708 -1.48076
1.66083 -1.27043 1.72037 -2.02073 -1.5708 -1.48076
1.66083 -1.273 1.71678 -2.01458 -1.5708 -1.48076
1.66083 -1.27554 1.71316 -2.00842 -1.5708 -1.48076
1.66083 -1.27804 1.7095 -2.00226 -1.5708 -1.48076
1.66083 -1.2805 1.70581 -1.9961 -1.5708 -1.48076
1.66083 -1.28294 1.70208 -1.98994 -1.5708 -1.48076
1.66083 -1.28533 1.69832 -1.98378 -1.5708 -1.48076
1.66083 -1.2877 1.69452 -1.97762 -1.5708 -1.48076
1.66083 -1.29002 1.69068 -1.97145 -1.5708 -1.48076
1.66083 -1.29232 1.68681 -1.96529 -1.5708 -1.48076
1.66083 -1.29458 1.6829 -1.95912 -1.5708 -1.48076
1.66083 -1.2968 1.67895 -1.95295 -1.5708 -1.48076
1.66083 -1.29899 1.67497 -1.94678 -1.5708 -1.48076
1.66083 -1.30114 1.67096 -1.94061 -1.5708 -1.48076
1.66083 -1.30326 1.6669 -1.93444 -1.5708 -1.48076
1.66083 -1.30535 1.66282 -1.92826 -1.5708 -1.48076
1.66083 -1.3074 1.65869 -1.92209 -1.5708 -1.48076
1.66083 -1.30941 1.65453 -1.91591 -1.5708 -1.48076
1.66083 -1.31139 1.65033 -1.90974 -1.5708 -1.48076
1.66083 -1.31334 1.6461 -1.90356 -1.5708 -1.48076
1.66083 -1.31525 1.64183 -1.89738 -1.5708 -1.48076
1.66083 -1.31712 1.63753 -1.8912 -1.5708 -1.48076
1.66083 -1.31896 1.63318 -1.88502 -1.5708 -1.48076
1.66083 -1.32076 1.62881 -1.87884 -1.5708 -1.48076
1.66083 -1.32253 1.62439 -1.87265 -1.5708 -1.48076
1.66083 -1.32427 1.61994 -1.86647 -1.5708 -1.48076
1.66083 -1.32597 1.61545 -1.86028 -1.5708 -1.48076
1.66083 -1.32763 1.61093 -1.8541 -1.5708 -1.48076
1.66083 -1.32926 1.60637 -1.84791 -1.5708 -1.48076
1.66083 -1.33085 1.60177 -1.84172 -1.5708 -1.48076
1.66083 -1.33241 1.59713 -1.83552 -1.5708 -1.48076
1.66083 -1.33393 1.59246 -1.82933 -1.5708 -1.48076
1.66083 -1.33541 1.58775 -1.82314 -1.5708 -1.48076
1.66083 -1.33687 1.58301 -1.81694 -1.5708 -1.48076
1.66083 -1.33828 1.57823 -1.81074 -1.5708 -1.48076
1.66083 -1.33966 1.57341 -1.80454 -1.5708 -1.48076
1.66083 -1.34101 1.56855 -1.79834 -1.5708 -1.48076
1.66083 -1.34232 1.56365 -1.79213 -1.5708 -1.48076
1.66083 -1.34359 1.55872 -1.78593 -1.5708 -1.48076
1.66083 -1.34483 1.55375 -1.77972 -1.5708 -1.48076
1.66083 -1.34603 1.54874 -1.77351 -1.5708 -1.48076
1.66083 -1.3472 1.5437 -1.76729 -1.5708 -1.48076
1.66083 -1.34833 1.53861 -1.76108 -1.5708 -1.48076
1.66083 -1.34942 1.53349 -1.75486 -1.5708 -1.48076
1.66083 -1.35048 1.52833 -1.74864 -1.5708 -1.48076
1.66083 -1.35151 1.52313 -1.74242 -1.5708 -1.48076
1.66083 -1.35249 1.51789 -1.73619 -1.5708 -1.48076
1.66083 -1.35345 1.51261 -1.72996 -1.5708 -1.48076
1.66083 -1.35436 1.50729 -1.72373 -1.5708 -1.48076
1.66083 -1.35524 1.50194 -1.71749 -1.5708 -1.48076
1.66083 -1.35609 1.49654 -1.71125 -1.5708 -1.48076
1.66083 -1.35689 1.4911 -1.70501 -1.5708 -1.48076
1.66083 -1.35767 1.48563 -1.69876 -1.5708 -1.48076
1.66083 -1.3584 1.48011 -1.69251 -1.5708 -1.48076
1.66083 -1.3591 1.47456 -1.68625 -1.5708 -1.48076
1.66083 -1.35976 1.46896 -1.67999 -1.5708 -1.48076
1.66083 -1.36039 1.46332 -1.67373 -1.5708 -1.48076
1.66083 -1.36098 1.45764 -1.66746 -1.5708 -1.48076
1.66083 -1.36153 1.45192 -1.66119 -1.5708 -1.48076
1.66083 -1.36205 1.44616 -1.65491 -1.5708 -1.48076
1.66083 -1.36253 1.44036 -1.64862 -1.5708 -1.48076
1.66083 -1.36297 1.43451 -1.64234 -1.5708 -1.48076
1.66083 -1.36338 1.42862 -1.63604 -1.5708 -1.48076
1.66083 -1.36374 1.42269 -1.62974 -1.5708 -1.48076
1.66083 -1.36408 1.41671 -1.62343 -1.5708 -1.48076
1.66083 -1.36437 1.4107 -1.61712 -1.5708 -1.48076
1.66083 -1.36463 1.40463 -1.6108 -1.5708 -1.48076
1.66083 -1.36485 1.39853 -1.60447 -1.5708 -1.48076
1.66083 -1.36503 1.39238 -1.59814 -1.5708 -1.48076
1.66083 -1.36518 1.38618 -1.5918 -1.5708 -1.48076
1.66083 -1.36528 1.37994 -1.58545 -1.5708 -1.48076
1.66083 -1.36535 1.37365 -1.5791 -1.5708 -1.48076
1.66083 -1.36538 1.36732 -1.57273 -1.5708 -1.48076
1.66083 -1.36537 1.36094 -1.56636 -1.5708 -1.48076
1.66083 -1.36533 1.35451 -1.55998 -1.5708 -1.48076
1.66083 -1.36524 1.34804 -1.55359 -1.5708 -1.48076
1.66083 -1.36512 1.34151 -1.54719 -1.5708 -1.48076
1.66083 -1.36496 1.33494 -1.54078 -1.5708 -1.48076
1.66083 -1.36476 1.32832 -1.53436 -1.5708 -1.48076
1.66083 -1.36452 1.32165 -1.52793 -1.5708 -1.48076
1.66083 -1.36424 1.31493 -1.52149 -1.5708 -1.48076
1.66083 -1.36392 1.30816 -1.51504 -1.5708 -1.48076
1.66083 -1.36356 1.30134 -1.50858 -1.5708 -1.48076
1.66083 -1.36316 1.29449 -1.50212 -1.5708 -1.48076
1.65284 -1.36654 1.29478 -1.49904 -1.5708 -1.48875
1.64483 -1.36982 1.29495 -1.49593 -1.5708 -1.49676
1.63678 -1.37301 1.29499 -1.49278 -1.5708 -1.50481
1.62871 -1.37611 1.29491 -1.4896 -1.5708 -1.51288
1.62061 -1.37911 1.2947 -1.48639 -1.5708 -1.52098
1.61249 -1.38201 1.29436 -1.48315 -1.5708 -1.5291
1.60434 -1.38481 1.2939 -1.47988 -1.5708 -1.53725
1.59617 -1.38752 1.29331 -1.47658 -1.5708 -1.54543
1.58797 -1.39013 1.29259 -1.47326 -1.5708 -1.55362
1.57975 -1.39265 1.29175 -1.4699 -1.5708 -1.56184
1.57151 -1.39506 1.29078 -1.46652 -1.5708 -1.57008
1.56325 -1.39737 1.28969 -1.46312 -1.5708 -1.57834
1.55497 -1.39958 1.28847 -1.45968 -1.5708 -1.58662
1.54668 -1.4017 1.28713 -1.45623 -1.5708 -1.59492
1.53836 -1.40371 1.28566 -1.45274 -1.5708 -1.60323
1.53003 -1.40562 1.28406 -1.44924 -1.5708 -1.61156
1.52169 -1.40742 1.28234 -1.44571 -1.5708 -1.6199
1.51333 -1.40913 1.28049 -1.44216 -1.5708 -1.62826
1.50496 -1.41073 1.27851 -1.43858 -1.5708 -1.63663
1.49658 -1.41222 1.27641 -1.43498 -1.5708 -1.64501
1.48819 -1.41361 1.27418 -1.43136 -1.5708 -1.65341
1.47979 -1.4149 1.27182 -1.42772 -1.5708 -1.66181
1.47138 -1.41608 1.26934 -1.42406 -1.5708 -1.67022
1.46296 -1.41715 1.26673 -1.42038 -1.5708 -1.67863
1.45454 -1.41812 1.264 -1.41667 -1.5708 -1.68706
1.44611 -1.41898 1.26113 -1.41294 -1.5708 -1.69548
1.43768 -1.41974 1.25814 -1.4092 -1.5708 -1.70391
1.42925 -1.42038 1.25502 -1.40543 -1.5708 -1.71235
1.42081 -1.42092 1.25177 -1.40164 -1.5708 -1.72078
1.41238 -1.42135 1.24839 -1.39783 -1.5708 -1.72921
1.40395 -1.42167 1.24488 -1.394 -1.5708 -1.73765
1.39552 -1.42189 1.24124 -1.39015 -1.5708 -1.74608
1.38709 -1.42199 1.23747 -1.38628 -1.5708 -1.7545
1.37867 -1.42198 1.23358 -1.38239 -1.5708 -1.76292
1.37025 -1.42186 1.22954 -1.37848 -1.5708 -1.77134
1.36185 -1.42163 1.22538 -1.37455 -1.5708 -1.77975
1.35345 -1.42129 1.22108 -1.37059 -1.5708 -1.78814
1.34506 -1.42084 1.21666 -1.36662 -1.5708 -1.79653
1.33668 -1.42027 1.21209 -1.36262 -1.5708 -1.80491
1.32831 -1.41959 1.20739 -1.3586 -1.5708 -1.81328
1.31996 -1.4188 1.20256 -1.35455 -1.5708 -1.82163
1.31162 -1.4179 1.19759 -1.35048 -1.5708 -1.82997
1.3033 -1.41688 1.19248 -1.34639 -1.5708 -1.83829
1.295 -1.41575 1.18723 -1.34228 -1.5708 -1.8466
1.28671 -1.41451 1.18185 -1.33814 -1.5708 -1.85489
1.27844 -1.41315 1.17632 -1.33397 -1.5708 -1.86315
1.27019 -1.41167 1.17065 -1.32978 -1.5708 -1.8714
1.26196 -1.41008 1.16484 -1.32555 -1.5708 -1.87963
1.25376 -1.40837 1.15888 -1.32131 -1.5708 -1.88784
1.24558 -1.40655 1.15278 -1.31703 -1.5708 -1.89602
1.23742 -1.40461 1.14653 -1.31272 -1.5708 -1.90417
1.22929 -1.40255 1.14014 -1.30838 -1.5708 -1.91231
1.22118 -1.40038 1.13359 -1.30401 -1.5708 -1.92041
1.2131 -1.39808 1.12689 -1.2996 -1.5708 -1.92849
1.20505 -1.39567 1.12003 -1.29516 -1.5708 -1.93654
1.19703 -1.39313 1.11302 -1.29069 -1.5708 -1.94456
1.18904 -1.39048 1.10586 -1.28617 -1.5708 -1.95255
1.18109 -1.3877 1.09853 -1.28162 -1.5708 -1.96051
1.17316 -1.38481 1.09104 -1.27703 -1.5708 -1.96843
1.16527 -1.38178 1.08338 -1.2724 -1.5708 -1.97633
1.15741 -1.37864 1.07556 -1.26772 -1.5708 -1.98419
1.14958 -1.37537 1.06757 -1.263 -1.5708 -1.99201
1.14179 -1.37198 1.05941 -1.25823 -1.5708 -1.9998
1.13404 -1.36846 1.05107 -1.25341 -1.5708 -2.00755
1.12632 -1.36481 1.04255 -1.24854 -1.5708 -2.01527
1.11865 -1.36103 1.03385 -1.24361 -1.5708 -2.02295
1.11101 -1.35712 1.02496 -1.23863 -1.5708 -2.03059
1.10341 -1.35309 1.01588 -1.23359 -1.5708 -2.03819
1.09585 -1.34891 1.00661 -1.2285 -1.5708 -2.04575
1.08833 -1.34461 0.997144 -1.22333 -1.5708 -2.05327
1.08085 -1.34016 0.987472 -1.2181 -1.5708 -2.06074
1.07341 -1.33558 0.977592 -1.21281 -1.5708 -2.06818
1.06602 -1.33086 0.967499 -1.20743 -1.5708 -2.07558
1.05866 -1.326 0.957187 -1.20199 -1.5708 -2.08293
1.05135 -1.32099 0.946651 -1.19646 -1.5708 -2.09024
1.04409 -1.31583 0.935883 -1.19085 -1.5708 -2.0975
1.03687 -1.31053 0.924877 -1.18515 -1.5708 -2.10472
1.02969 -1.30507 0.913625 -1.17936 -1.5708 -2.1119
1.02256 -1.29945 0.90212 -1.17347 -1.5708 -2.11903
1.01547 -1.29367 0.890352 -1.16748 -1.5708 -2.12612
1.00843 -1.28773 0.878313 -1.16138 -1.5708 -2.13316
1.00144 -1.28162 0.865991 -1.15517 -1.5708 -2.14015
0.994493 -1.27534 0.853377 -1.14884 -1.5708 -2.1471
0.987593 -1.26887 0.840458 -1.14238 -1.5708 -2.154
0.980739 -1.26223 0.827222 -1.13579 -1.5708 -2.16085
0.973932 -1.25539 0.813653 -1.12906 -1.5708 -2.16766
0.967174 -1.24836 0.799736 -1.12218 -1.5708 -2.17442
0.960462 -1.24112 0.785455 -1.11514 -1.5708 -2.18113
0.953799 -1.23366 0.77079 -1.10792 -1.5708 -2.18779
0.947184 -1.22599 0.75572 -1.10053 -1.5708 -2.19441
0.940617 -1.21807 0.740223 -1.09294 -1.5708 -2.20098
0.934098 -1.20992 0.72427 -1.08515 -1.5708 -2.20749
0.927628 -1.2015 0.707835 -1.07713 -1.5708 -2.21396
0.921206 -1.19281 0.690883 -1.06887 -1.5708 -2.22039
0.914833 -1.18383 0.673377 -1.06035 -1.5708 -2.22676
0.908508 -1.17453 0.655274 -1.05154 -1.5708 -2.23308
0.902232 -1.1649 0.636524 -1.04242 -1.5708 -2.23936
0.896005 -1.1549 0.617072 -1.03296 -1.5708 -2.24559
0.889826 -1.14451 0.596848 -1.02313 -1.5708 -2.25177
0.88371 -1.13372 0.575823 -1.0129 -1.5708 -2.25788
0.879805 -1.14577 0.596469 -1.01151 -1.55947 -2.26136
0.875864 -1.15755 0.616621 -1.00981 -1.54823 -2.265
0.871887 -1.16908 0.636326 -1.00783 -1.53706 -2.26878
0.867876 -1.18037 0.655627 -1.00558 -1.52597 -2.2727
0.863832 -1.19145 0.67456 -1.00308 -1.51496 -2.27678
0.859754 -1.20233 0.693156 -1.00035 -1.50404 -2.28101
0.855643 -1.21302 0.711442 -0.997393 -1.49321 -2.28538
0.8515 -1.22354 0.729442 -0.994221 -1.48247 -2.2899
0.847325 -1.23389 0.747179 -0.990841 -1.47183 -2.29456
0.84312 -1.24409 0.764672 -0.987262 -1.46128 -2.29938
0.838883 -1.25414 0.781937 -0.98349 -1.45084 -2.30434
0.834617 -1.26405 0.79899 -0.97953 -1.44049 -2.30945
0.830321 -1.27382 0.815846 -0.975386 -1.43025 -2.3147
0.825997 -1.28347 0.832517 -0.971064 -1.42012 -2.32011
0.821643 -1.293 0.849014 -0.966567 -1.4101 -2.32565
0.817262 -1.30241 0.865349 -0.961898 -1.4002 -2.33135
0.812854 -1.31171 0.881531 -0.957061 -1.39041 -2.33719
0.808419 -1.32091 0.89757 -0.952058 -1.38074 -2.34317
0.803957 -1.33 0.913473 -0.946891 -1.37119 -2.3493
0.799469 -1.33898 0.929248 -0.941564 -1.36178 -2.35557
0.794956 -1.34788 0.944903 -0.936078 -1.35249 -2.36199
0.790417 -1.35667 0.960444 -0.930436 -1.34333 -2.36855
0.785854 -1.36538 0.975878 -0.92464 -1.3343 -2.37525
0.781267 -1.374 0.99121 -0.918691 -1.32542 -2.38209
0.776656 -1.38253 1.00645 -0.912591 -1.31667 -2.38908
0.772021 -1.39098 1.02159 -0.906344 -1.30807 -2.3962
0.767363 -1.39935 1.03665 -0.89995 -1.29962 -2.40347
0.762683 -1.40763 1.05163 -0.893411 -1.29131 -2.41087
0.75798 -1.41584 1.06653 -0.886731 -1.28316 -2.4184
0.753255 -1.42398 1.08137 -0.879911 -1.27516 -2.42607
0.748508 -1.43203 1.09613 -0.872953 -1.26733 -2.43388
0.74374 -1.44002 1.11083 -0.86586 -1.25965 -2.44182
0.73895 -1.44793 1.12547 -0.858634 -1.25214 -2.44988
0.734139 -1.45577 1.14006 -0.851279 -1.24479 -2.45808
0.729307 -1.46355 1.15459 -0.843796 -1.23762 -2.4664
0.724454 -1.47126 1.16908 -0.83619 -1.23062 -2.47485
0.71958 -1.4789 1.18352 -0.828463 -1.22379 -2.48341
0.714686 -1.48647 1.19792 -0.820617 -1.21714 -2.4921
0.709771 -1.49398 1.21229 -0.812658 -1.21068 -2.5009
0.704836 -1.50143 1.22662 -0.804589 -1.2044 -2.50982
0.69988 -1.50882 1.24092 -0.796413 -1.1983 -2.51885
0.694903 -1.51615 1.25519 -0.788134 -1.1924 -2.52798
0.689906 -1.52341 1.26944 -0.779757 -1.18669 -2.53722
0.684888 -1.53062 1.28367 -0.771286 -1.18117 -2.54656
0.679849 -1.53777 1.29789 -0.762726 -1.17585 -2.556
0.674789 -1.54487 1.31209 -0.754082 -1.17073 -2.56553
0.669708 -1.55191 1.32628 -0.745357 -1.16581 -2.57515
0.664605 -1.55889 1.34046 -0.736559 -1.1611 -2.58485
0.65948 -1.56582 1.35464 -0.727691 -1.15659 -2.59464
0.654333 -1.5727 1.36882 -0.71876 -1.1523 -2.6045
0.649162 -1.57953 1.383 -0.709772 -1.14821 -2.61443
0.643969 -1.58631 1.39719 -0.700731 -1.14434 -2.62443
0.638752 -1.59304 1.41139 -0.691643 -1.14069 -2.63449
0.63351 -1.59972 1.4256 -0.682516 -1.13725 -2.6446
0.628243 -1.60635 1.43983 -0.673355 -1.13403 -2.65477
0.62295 -1.61294 1.45408 -0.664166 -1.13103 -2.66498
0.617631 -1.61949 1.46835 -0.654956 -1.12826 -2.67523
0.612284 -1.62599 1.48264 -0.645732 -1.12571 -2.68552
0.606909 -1.63244 1.49696 -0.636499 -1.12339 -2.69583
0.601504 -1.63886 1.51132 -0.627265 -1.12129 -2.70616
0.596069 -1.64524 1.52571 -0.618035 -1.11943 -2.71651
0.590602 -1.65157 1.54013 -0.608818 -1.1178 -2.72687
0.585103 -1.65788 1.5546 -0.599619 -1.1164 -2.73723
0.579569 -1.66414 1.56911 -0.590445 -1.11523 -2.74758
0.573999 -1.67037 1.58366 -0.581302 -1.1143 -2.75793
0.568392 -1.67657 1.59826 -0.572198 -1.1136 -2.76825
0.562745 -1.68273 1.61292 -0.563139 -1.11315 -2.77856
0.557058 -1.68886 1.62762 -0.554131 -1.11293 -2.78883
0.551329 -1.69497 1.64238 -0.545181 -1.11295 -2.79906
0.545554 -1.70104 1.6572 -0.536294 -1.11321 -2.80925
0.539733 -1.70709 1.67208 -0.527478 -1.11371 -2.81939
0.533863 -1.71311 1.68702 -0.518738 -1.11446 -2.82946
0.52794 -1.71911 1.70203 -0.51008 -1.11545 -2.83948
0.521964 -1.72509 1.7171 -0.501509 -1.11668 -2.84942
0.51593 -1.73105 1.73224 -0.493032 -1.11817 -2.85928
0.509836 -1.73698 1.74745 -0.484654 -1.11989 -2.86905
0.503678 -1.7429 1.76272 -0.476379 -1.12187 -2.87873
0.497454 -1.7488 1.77808 -0.468213 -1.1241 -2.8883
0.491159 -1.75469 1.7935 -0.46016 -1.12658 -2.89777
0.48479 -1.76056 1.809 -0.452226 -1.12931 -2.90713
0.478341 -1.76642 1.82458 -0.444414 -1.13229 -2.91636
0.47181 -1.77227 1.84024 -0.436729 -1.13553 -2.92546
0.465191 -1.77812 1.85597 -0.429173 -1.13903 -2.93443
0.458479 -1.78395 1.87179 -0.421752 -1.14278 -2.94325
0.451668 -1.78978 1.88768 -0.414468 -1.1468 -2.95192
0.444753 -1.79561 1.90366 -0.407324 -1.15108 -2.96043
0.437728 -1.80144 1.91972 -0.400323 -1.15563 -2.96878
0.430585 -1.80726 1.93586 -0.393468 -1.16045 -2.97696
0.423317 -1.81309 1.95209 -0.38676 -1.16555 -2.98495
0.415916 -1.81893 1.9684 -0.380203 -1.17092 -2.99276
0.408375 -1.82477 1.9848 -0.373797 -1.17657 -3.00037
0.400683 -1.83062 2.00129 -0.367543 -1.18251 -3.00778
0.392832 -1.83648 2.01786 -0.361444 -1.18874 -3.01498
0.38481 -1.84236 2.03452 -0.355499 -1.19527 -3.02196
0.376606 -1.84826 2.05126 -0.349709 -1.20211 -3.02871
0.368208 -1.85417 2.0681 -0.344074 -1.20925 -3.03523
0.359602 -1.86011 2.08503 -0.338594 -1.21672 -3.0415
0.350773 -1.86608 2.10205 -0.333267 -1.22452 -3.04751
0.341706 -1.87208 2.11916 -0.328093 -1.23266 -3.05325
