-0.400000 0.300000  143
-0.340000 0.300000  170
-0.280000 0.300000  211
-0.220000 0.300000  249
-0.160000 0.300000  274
-0.100000 0.300000  277
-0.040000 0.300000  275
0.020000 0.300000  282
0.080000 0.300000  252
0.140000 0.300000  243
0.200000 0.300000  241
0.260000 0.300000  243
0.320000 0.300000  241
0.380000 0.300000  238
-0.400000 0.240000  135
-0.340000 0.240000  166
-0.280000 0.240000  186
-0.220000 0.240000  227
-0.160000 0.240000  277
-0.100000 0.240000  276
-0.040000 0.240000  276
0.020000 0.240000  261
0.080000 0.240000  272
0.140000 0.240000  256
0.200000 0.240000  245
0.260000 0.240000  235
0.320000 0.240000  240
0.380000 0.240000  228
-0.400000 0.180000  118
-0.340000 0.180000  142
-0.280000 0.180000  175
-0.220000 0.180000  201
-0.160000 0.180000  248
-0.100000 0.180000  265
-0.040000 0.180000  268
0.020000 0.180000  274
0.080000 0.180000  275
0.140000 0.180000  269
0.200000 0.180000  279
0.260000 0.180000  259
0.320000 0.180000  237
0.380000 0.180000  244
-0.400000 0.120000  111
-0.340000 0.120000  127
-0.280000 0.120000  156
-0.220000 0.120000  172
-0.160000 0.120000  217
-0.100000 0.120000  255
-0.040000 0.120000  288
0.020000 0.120000  280
0.080000 0.120000  277
0.140000 0.120000  284
0.200000 0.120000  278
0.260000 0.120000  275
0.320000 0.120000  276
0.380000 0.120000  249
-0.400000 0.060000  92
-0.340000 0.060000  122
-0.280000 0.060000  143
-0.220000 0.060000  152
-0.160000 0.060000  177
-0.100000 0.060000  215
-0.040000 0.060000  259
0.020000 0.060000  283
0.080000 0.060000  272
0.140000 0.060000  275
0.200000 0.060000  266
0.260000 0.060000  263
0.320000 0.060000  252
0.380000 0.060000  269
-0.400000 0.000000  82
-0.340000 0.000000  96
-0.280000 0.000000  120
-0.220000 0.000000  142
-0.160000 0.000000  159
-0.100000 0.000000  171
-0.040000 0.000000  213
0.020000 0.000000  231
0.080000 0.000000  263
0.140000 0.000000  280
0.200000 0.000000  280
0.260000 0.000000  264
0.320000 0.000000  270
0.380000 0.000000  274
-0.400000 -0.060000  69
-0.340000 -0.060000  85
-0.280000 -0.060000  107
-0.220000 -0.060000  123
-0.160000 -0.060000  138
-0.100000 -0.060000  157
-0.040000 -0.060000  172
0.020000 -0.060000  193
0.080000 -0.060000  220
0.140000 -0.060000  240
0.200000 -0.060000  246
0.260000 -0.060000  257
0.320000 -0.060000  272
0.380000 -0.060000  262
-0.400000 -0.120000  43
-0.340000 -0.120000  74
-0.280000 -0.120000  91
-0.220000 -0.120000  102
-0.160000 -0.120000  119
-0.100000 -0.120000  137
-0.040000 -0.120000  159
0.020000 -0.120000  157
0.080000 -0.120000  176
0.140000 -0.120000  186
0.200000 -0.120000  195
0.260000 -0.120000  206
0.320000 -0.120000  214
0.380000 -0.120000  210
-0.400000 -0.180000  21
-0.340000 -0.180000  49
-0.280000 -0.180000  70
-0.220000 -0.180000  88
-0.160000 -0.180000  99
-0.100000 -0.180000  107
-0.040000 -0.180000  127
0.020000 -0.180000  149
0.080000 -0.180000  148
0.140000 -0.180000  164
0.200000 -0.180000  174
0.260000 -0.180000  179
0.320000 -0.180000  173
0.380000 -0.180000  178
-0.400000 -0.240000  0
-0.340000 -0.240000  17
-0.280000 -0.240000  51
-0.220000 -0.240000  67
-0.160000 -0.240000  88
-0.100000 -0.240000  89
-0.040000 -0.240000  110
0.020000 -0.240000  119
0.080000 -0.240000  126
0.140000 -0.240000  136
0.200000 -0.240000  143
0.260000 -0.240000  143
0.320000 -0.240000  151
0.380000 -0.240000  155
-0.400000 -0.300000  0
-0.340000 -0.300000  0
-0.280000 -0.300000  16
-0.220000 -0.300000  34
-0.160000 -0.300000  62
-0.100000 -0.300000  64
-0.040000 -0.300000  83
0.020000 -0.300000  89
0.080000 -0.300000  109
0.140000 -0.300000  113
0.200000 -0.300000  118
0.260000 -0.300000  122
0.320000 -0.300000  119
0.380000 -0.300000  122
-0.400000 -0.360000  0
-0.340000 -0.360000  0
-0.280000 -0.360000  0
-0.220000 -0.360000  0
-0.160000 -0.360000  20
-0.100000 -0.360000  43
-0.040000 -0.360000  56
0.020000 -0.360000  71
0.080000 -0.360000  77
-0.400000 -0.420000  0
-0.340000 -0.420000  0
-0.280000 -0.420000  0
-0.220000 -0.420000  0
-0.160000 -0.420000  0
-0.100000 -0.420000  0
-0.040000 -0.420000  18
0.020000 -0.420000  36
0.080000 -0.420000  45
-0.400000 -0.480000  0
-0.340000 -0.480000  0
-0.280000 -0.480000  0
-0.220000 -0.480000  0
-0.160000 -0.480000  0
-0.100000 -0.480000  0
-0.040000 -0.480000  0
0.020000 -0.480000  0
0.080000 -0.480000  1
-0.400000 -0.540000  0
-0.340000 -0.540000  0
-0.280000 -0.540000  0
-0.220000 -0.540000  0
-0.160000 -0.540000  0
-0.100000 -0.540000  0
-0.040000 -0.540000  0
0.020000 -0.540000  0
0.080000 -0.540000  0
