-0.400000 0.300000  251
-0.340000 0.300000  255
-0.280000 0.300000  242
-0.220000 0.300000  225
-0.160000 0.300000  206
-0.100000 0.300000  215
-0.040000 0.300000  201
0.020000 0.300000  216
0.080000 0.300000  209
0.140000 0.300000  184
0.200000 0.300000  205
0.260000 0.300000  212
0.320000 0.300000  261
0.380000 0.300000  264
-0.400000 0.240000  271
-0.340000 0.240000  268
-0.280000 0.240000  257
-0.220000 0.240000  262
-0.160000 0.240000  215
-0.100000 0.240000  212
-0.040000 0.240000  209
0.020000 0.240000  226
0.080000 0.240000  202
0.140000 0.240000  207
0.200000 0.240000  223
0.260000 0.240000  246
0.320000 0.240000  247
0.380000 0.240000  246
-0.400000 0.180000  266
-0.340000 0.180000  273
-0.280000 0.180000  265
-0.220000 0.180000  269
-0.160000 0.180000  266
-0.100000 0.180000  243
-0.040000 0.180000  211
0.020000 0.180000  221
0.080000 0.180000  244
0.140000 0.180000  245
0.200000 0.180000  255
0.260000 0.180000  267
0.320000 0.180000  264
0.380000 0.180000  272
-0.400000 0.120000  272
-0.340000 0.120000  276
-0.280000 0.120000  271
-0.220000 0.120000  262
-0.160000 0.120000  273
-0.100000 0.120000  256
-0.040000 0.120000  253
0.020000 0.120000  249
0.080000 0.120000  259
0.140000 0.120000  269
0.200000 0.120000  260
0.260000 0.120000  279
0.320000 0.120000  265
0.380000 0.120000  259
-0.400000 0.060000  236
-0.340000 0.060000  274
-0.280000 0.060000  273
-0.220000 0.060000  272
-0.160000 0.060000  264
-0.100000 0.060000  265
-0.040000 0.060000  254
0.020000 0.060000  256
0.080000 0.060000  271
0.140000 0.060000  274
0.200000 0.060000  259
0.260000 0.060000  265
0.320000 0.060000  268
0.380000 0.060000  243
-0.400000 0.000000  200
-0.340000 0.000000  230
-0.280000 0.000000  245
-0.220000 0.000000  266
-0.160000 0.000000  253
-0.100000 0.000000  275
-0.040000 0.000000  242
0.020000 0.000000  270
0.080000 0.000000  270
0.140000 0.000000  262
0.200000 0.000000  270
0.260000 0.000000  265
0.320000 0.000000  226
0.380000 0.000000  206
-0.400000 -0.060000  165
-0.340000 -0.060000  181
-0.280000 -0.060000  202
-0.220000 -0.060000  232
-0.160000 -0.060000  231
-0.100000 -0.060000  244
-0.040000 -0.060000  248
0.020000 -0.060000  250
0.080000 -0.060000  247
0.140000 -0.060000  240
0.200000 -0.060000  233
0.260000 -0.060000  199
0.320000 -0.060000  181
0.380000 -0.060000  172
-0.400000 -0.120000  156
-0.340000 -0.120000  158
-0.280000 -0.120000  178
-0.220000 -0.120000  181
-0.160000 -0.120000  195
-0.100000 -0.120000  204
-0.040000 -0.120000  206
0.020000 -0.120000  194
0.080000 -0.120000  207
0.140000 -0.120000  200
0.200000 -0.120000  184
0.260000 -0.120000  178
0.320000 -0.120000  165
0.380000 -0.120000  151
-0.400000 -0.180000  125
-0.340000 -0.180000  139
-0.280000 -0.180000  148
-0.220000 -0.180000  153
-0.160000 -0.180000  165
-0.100000 -0.180000  165
-0.040000 -0.180000  168
0.020000 -0.180000  172
0.080000 -0.180000  169
0.140000 -0.180000  158
0.200000 -0.180000  155
0.260000 -0.180000  159
0.320000 -0.180000  132
0.380000 -0.180000  124
-0.400000 -0.240000  104
-0.340000 -0.240000  100
-0.280000 -0.240000  122
-0.220000 -0.240000  125
-0.160000 -0.240000  150
-0.100000 -0.240000  141
-0.040000 -0.240000  133
0.020000 -0.240000  137
0.080000 -0.240000  140
0.140000 -0.240000  137
0.200000 -0.240000  138
0.260000 -0.240000  123
0.320000 -0.240000  112
0.380000 -0.240000  103
-0.400000 -0.300000  75
-0.340000 -0.300000  89
-0.280000 -0.300000  103
-0.220000 -0.300000  104
-0.160000 -0.300000  118
-0.100000 -0.300000  118
-0.040000 -0.300000  112
0.020000 -0.300000  118
0.080000 -0.300000  117
0.140000 -0.300000  118
0.200000 -0.300000  103
0.260000 -0.300000  102
0.320000 -0.300000  92
0.380000 -0.300000  79
-0.400000 -0.360000  52
-0.340000 -0.360000  68
-0.280000 -0.360000  70
-0.220000 -0.360000  77
-0.160000 -0.360000  87
-0.100000 -0.360000  83
-0.040000 -0.360000  90
0.020000 -0.360000  94
0.080000 -0.360000  88
-0.400000 -0.420000  13
-0.340000 -0.420000  25
-0.280000 -0.420000  39
-0.220000 -0.420000  51
-0.160000 -0.420000  60
-0.100000 -0.420000  64
-0.040000 -0.420000  64
0.020000 -0.420000  61
0.080000 -0.420000  65
-0.400000 -0.480000  0
-0.340000 -0.480000  0
-0.280000 -0.480000  0
-0.220000 -0.480000  13
-0.160000 -0.480000  23
-0.100000 -0.480000  21
-0.040000 -0.480000  30
0.020000 -0.480000  29
0.080000 -0.480000  32
-0.400000 -0.540000  0
-0.340000 -0.540000  0
-0.280000 -0.540000  0
-0.220000 -0.540000  0
-0.160000 -0.540000  0
-0.100000 -0.540000  0
-0.040000 -0.540000  0
0.020000 -0.540000  0
0.080000 -0.540000  0
