-0.400000 0.300000  0
-0.340000 0.300000  29
-0.280000 0.300000  47
-0.220000 0.300000  69
-0.160000 0.300000  83
-0.100000 0.300000  99
-0.040000 0.300000  101
0.020000 0.300000  111
0.080000 0.300000  119
0.140000 0.300000  134
0.200000 0.300000  135
0.260000 0.300000  135
0.320000 0.300000  139
0.380000 0.300000  138
-0.400000 0.240000  29
-0.340000 0.240000  52
-0.280000 0.240000  74
-0.220000 0.240000  92
-0.160000 0.240000  103
-0.100000 0.240000  112
-0.040000 0.240000  127
0.020000 0.240000  135
0.080000 0.240000  142
0.140000 0.240000  157
0.200000 0.240000  164
0.260000 0.240000  171
0.320000 0.240000  167
0.380000 0.240000  168
-0.400000 0.180000  59
-0.340000 0.180000  73
-0.280000 0.180000  87
-0.220000 0.180000  105
-0.160000 0.180000  119
-0.100000 0.180000  139
-0.040000 0.180000  159
0.020000 0.180000  157
0.080000 0.180000  171
0.140000 0.180000  183
0.200000 0.180000  187
0.260000 0.180000  198
0.320000 0.180000  189
0.380000 0.180000  193
-0.400000 0.120000  76
-0.340000 0.120000  89
-0.280000 0.120000  118
-0.220000 0.120000  132
-0.160000 0.120000  150
-0.100000 0.120000  161
-0.040000 0.120000  178
0.020000 0.120000  198
0.080000 0.120000  214
0.140000 0.120000  225
0.200000 0.120000  235
0.260000 0.120000  243
0.320000 0.120000  244
0.380000 0.120000  248
-0.400000 0.060000  87
-0.340000 0.060000  108
-0.280000 0.060000  129
-0.220000 0.060000  148
-0.160000 0.060000  158
-0.100000 0.060000  190
-0.040000 0.060000  215
0.020000 0.060000  225
0.080000 0.060000  253
0.140000 0.060000  278
0.200000 0.060000  277
0.260000 0.060000  277
0.320000 0.060000  285
0.380000 0.060000  283
-0.400000 0.000000  96
-0.340000 0.000000  127
-0.280000 0.000000  150
-0.220000 0.000000  159
-0.160000 0.000000  189
-0.100000 0.000000  223
-0.040000 0.000000  245
0.020000 0.000000  282
0.080000 0.000000  275
0.140000 0.000000  276
0.200000 0.000000  272
0.260000 0.000000  278
0.320000 0.000000  269
0.380000 0.000000  275
-0.400000 -0.060000  123
-0.340000 -0.060000  133
-0.280000 -0.060000  163
-0.220000 -0.060000  187
-0.160000 -0.060000  227
-0.100000 -0.060000  265
-0.040000 -0.060000  280
0.020000 -0.060000  265
0.080000 -0.060000  268
0.140000 -0.060000  262
0.200000 -0.060000  271
0.260000 -0.060000  270
0.320000 -0.060000  265
0.380000 -0.060000  262
-0.400000 -0.120000  135
-0.340000 -0.120000  161
-0.280000 -0.120000  193
-0.220000 -0.120000  218
-0.160000 -0.120000  267
-0.100000 -0.120000  283
-0.040000 -0.120000  279
0.020000 -0.120000  281
0.080000 -0.120000  266
0.140000 -0.120000  270
0.200000 -0.120000  261
0.260000 -0.120000  257
0.320000 -0.120000  260
0.380000 -0.120000  262
-0.400000 -0.180000  151
-0.340000 -0.180000  176
-0.280000 -0.180000  212
-0.220000 -0.180000  238
-0.160000 -0.180000  286
-0.100000 -0.180000  276
-0.040000 -0.180000  273
0.020000 -0.180000  286
0.080000 -0.180000  272
0.140000 -0.180000  251
0.200000 -0.180000  230
0.260000 -0.180000  230
0.320000 -0.180000  222
0.380000 -0.180000  220
-0.400000 -0.240000  154
-0.340000 -0.240000  180
-0.280000 -0.240000  228
-0.220000 -0.240000  276
-0.160000 -0.240000  278
-0.100000 -0.240000  267
-0.040000 -0.240000  280
0.020000 -0.240000  263
0.080000 -0.240000  248
0.140000 -0.240000  238
0.200000 -0.240000  245
0.260000 -0.240000  240
0.320000 -0.240000  220
0.380000 -0.240000  224
-0.400000 -0.300000  158
-0.340000 -0.300000  202
-0.280000 -0.300000  249
-0.220000 -0.300000  267
-0.160000 -0.300000  276
-0.100000 -0.300000  261
-0.040000 -0.300000  276
0.020000 -0.300000  242
0.080000 -0.300000  241
0.140000 -0.300000  242
0.200000 -0.300000  243
0.260000 -0.300000  220
0.320000 -0.300000  210
0.380000 -0.300000  205
-0.400000 -0.360000  172
-0.340000 -0.360000  210
-0.280000 -0.360000  267
-0.220000 -0.360000  254
-0.160000 -0.360000  273
-0.100000 -0.360000  248
-0.040000 -0.360000  256
0.020000 -0.360000  237
0.080000 -0.360000  235
-0.400000 -0.420000  178
-0.340000 -0.420000  226
-0.280000 -0.420000  266
-0.220000 -0.420000  271
-0.160000 -0.420000  262
-0.100000 -0.420000  269
-0.040000 -0.420000  239
0.020000 -0.420000  230
0.080000 -0.420000  251
-0.400000 -0.480000  183
-0.340000 -0.480000  231
-0.280000 -0.480000  258
-0.220000 -0.480000  266
-0.160000 -0.480000  267
-0.100000 -0.480000  246
-0.040000 -0.480000  220
0.020000 -0.480000  228
0.080000 -0.480000  233
-0.400000 -0.540000  179
-0.340000 -0.540000  219
-0.280000 -0.540000  255
-0.220000 -0.540000  258
-0.160000 -0.540000  251
-0.100000 -0.540000  246
-0.040000 -0.540000  196
0.020000 -0.540000  210
0.080000 -0.540000  215
