-0.400000 0.300000  220
-0.340000 0.300000  231
-0.280000 0.300000  248
-0.220000 0.300000  250
-0.160000 0.300000  236
-0.100000 0.300000  246
-0.040000 0.300000  280
0.020000 0.300000  269
0.080000 0.300000  281
0.140000 0.300000  273
0.200000 0.300000  268
0.260000 0.300000  231
0.320000 0.300000  179
0.380000 0.300000  156
-0.400000 0.240000  225
-0.340000 0.240000  228
-0.280000 0.240000  224
-0.220000 0.240000  241
-0.160000 0.240000  243
-0.100000 0.240000  280
-0.040000 0.240000  275
0.020000 0.240000  271
0.080000 0.240000  279
0.140000 0.240000  282
0.200000 0.240000  246
0.260000 0.240000  205
0.320000 0.240000  169
0.380000 0.240000  144
-0.400000 0.180000  261
-0.340000 0.180000  250
-0.280000 0.180000  247
-0.220000 0.180000  263
-0.160000 0.180000  286
-0.100000 0.180000  273
-0.040000 0.180000  289
0.020000 0.180000  275
0.080000 0.180000  278
0.140000 0.180000  268
0.200000 0.180000  202
0.260000 0.180000  174
0.320000 0.180000  159
0.380000 0.180000  128
-0.400000 0.120000  263
-0.340000 0.120000  271
-0.280000 0.120000  256
-0.220000 0.120000  273
-0.160000 0.120000  273
-0.100000 0.120000  276
-0.040000 0.120000  285
0.020000 0.120000  274
0.080000 0.120000  275
0.140000 0.120000  235
0.200000 0.120000  186
0.260000 0.120000  169
0.320000 0.120000  144
0.380000 0.120000  112
-0.400000 0.060000  262
-0.340000 0.060000  277
-0.280000 0.060000  267
-0.220000 0.060000  277
-0.160000 0.060000  271
-0.100000 0.060000  273
-0.040000 0.060000  289
0.020000 0.060000  260
0.080000 0.060000  230
0.140000 0.060000  190
0.200000 0.060000  165
0.260000 0.060000  153
0.320000 0.060000  126
0.380000 0.060000  105
-0.400000 0.000000  279
-0.340000 0.000000  274
-0.280000 0.000000  275
-0.220000 0.000000  280
-0.160000 0.000000  271
-0.100000 0.000000  269
-0.040000 0.000000  240
0.020000 0.000000  224
0.080000 0.000000  193
0.140000 0.000000  165
0.200000 0.000000  149
0.260000 0.000000  129
0.320000 0.000000  117
0.380000 0.000000  94
-0.400000 -0.060000  263
-0.340000 -0.060000  259
-0.280000 -0.060000  260
-0.220000 -0.060000  256
-0.160000 -0.060000  241
-0.100000 -0.060000  221
-0.040000 -0.060000  196
0.020000 -0.060000  184
0.080000 -0.060000  167
0.140000 -0.060000  139
0.200000 -0.060000  124
0.260000 -0.060000  108
0.320000 -0.060000  86
0.380000 -0.060000  77
-0.400000 -0.120000  209
-0.340000 -0.120000  212
-0.280000 -0.120000  212
-0.220000 -0.120000  209
-0.160000 -0.120000  184
-0.100000 -0.120000  182
-0.040000 -0.120000  171
0.020000 -0.120000  161
0.080000 -0.120000  138
0.140000 -0.120000  127
0.200000 -0.120000  110
0.260000 -0.120000  94
0.320000 -0.120000  79
0.380000 -0.120000  58
-0.400000 -0.180000  177
-0.340000 -0.180000  182
-0.280000 -0.180000  177
-0.220000 -0.180000  162
-0.160000 -0.180000  162
-0.100000 -0.180000  153
-0.040000 -0.180000  136
0.020000 -0.180000  126
0.080000 -0.180000  113
0.140000 -0.180000  104
0.200000 -0.180000  89
0.260000 -0.180000  81
0.320000 -0.180000  58
0.380000 -0.180000  37
-0.400000 -0.240000  149
-0.340000 -0.240000  151
-0.280000 -0.240000  144
-0.220000 -0.240000  149
-0.160000 -0.240000  141
-0.100000 -0.240000  129
-0.040000 -0.240000  117
0.020000 -0.240000  110
0.080000 -0.240000  98
0.140000 -0.240000  93
0.200000 -0.240000  69
0.260000 -0.240000  52
0.320000 -0.240000  29
0.380000 -0.240000  0
-0.400000 -0.300000  121
-0.340000 -0.300000  128
-0.280000 -0.300000  116
-0.220000 -0.300000  115
-0.160000 -0.300000  106
-0.100000 -0.300000  99
-0.040000 -0.300000  93
0.020000 -0.300000  78
0.080000 -0.300000  70
0.140000 -0.300000  66
0.200000 -0.300000  46
0.260000 -0.300000  23
0.320000 -0.300000  0
0.380000 -0.300000  0
-0.400000 -0.360000  90
-0.340000 -0.360000  101
-0.280000 -0.360000  87
-0.220000 -0.360000  88
-0.160000 -0.360000  79
-0.100000 -0.360000  80
-0.040000 -0.360000  74
0.020000 -0.360000  57
0.080000 -0.360000  48
-0.400000 -0.420000  66
-0.340000 -0.420000  63
-0.280000 -0.420000  67
-0.220000 -0.420000  61
-0.160000 -0.420000  56
-0.100000 -0.420000  53
-0.040000 -0.420000  35
0.020000 -0.420000  30
0.080000 -0.420000  12
-0.400000 -0.480000  29
-0.340000 -0.480000  34
-0.280000 -0.480000  24
-0.220000 -0.480000  27
-0.160000 -0.480000  18
-0.100000 -0.480000  12
-0.040000 -0.480000  0
0.020000 -0.480000  0
0.080000 -0.480000  0
-0.400000 -0.540000  0
-0.340000 -0.540000  0
-0.280000 -0.540000  0
-0.220000 -0.540000  0
-0.160000 -0.540000  0
-0.100000 -0.540000  0
-0.040000 -0.540000  0
0.020000 -0.540000  0
0.080000 -0.540000  0
